iteration         time       L1-norm       L2-norm
       1    1.0000E-04    3.3998E-06    5.1347E-06
       2    2.0000E-04    1.6298E-06    2.5221E-06
       3    3.0000E-04    5.1883E-07    9.4274E-07
       4    4.0000E-04    4.0820E-07    4.8312E-07
       5    5.0000E-04    4.1560E-07    4.6147E-07
       6    6.0000E-04    4.1747E-07    4.6466E-07
       7    7.0000E-04    4.1786E-07    4.6679E-07
       8    8.0000E-04    4.1786E-07    4.6724E-07
       9    9.0000E-04    4.1772E-07    4.6708E-07
      10    1.0000E-03    4.1752E-07    4.6683E-07
      11    1.1000E-03    4.1731E-07    4.6658E-07
      12    1.2000E-03    4.1709E-07    4.6633E-07
      13    1.3000E-03    4.1687E-07    4.6609E-07
      14    1.4000E-03    4.1665E-07    4.6584E-07
      15    1.5000E-03    4.1643E-07    4.6560E-07
      16    1.6000E-03    4.1621E-07    4.6535E-07
      17    1.7000E-03    4.1599E-07    4.6510E-07
      18    1.8000E-03    4.1577E-07    4.6486E-07
      19    1.9000E-03    4.1555E-07    4.6461E-07
      20    2.0000E-03    4.1533E-07    4.6437E-07
      21    2.1000E-03    4.1511E-07    4.6412E-07
      22    2.2000E-03    4.1489E-07    4.6387E-07
      23    2.3000E-03    4.1467E-07    4.6363E-07
      24    2.4000E-03    4.1445E-07    4.6338E-07
      25    2.5000E-03    4.1424E-07    4.6314E-07
      26    2.6000E-03    4.1402E-07    4.6289E-07
      27    2.7000E-03    4.1380E-07    4.6265E-07
      28    2.8000E-03    4.1358E-07    4.6240E-07
      29    2.9000E-03    4.1336E-07    4.6216E-07
      30    3.0000E-03    4.1314E-07    4.6191E-07
      31    3.1000E-03    4.1292E-07    4.6167E-07
      32    3.2000E-03    4.1270E-07    4.6143E-07
      33    3.3000E-03    4.1249E-07    4.6118E-07
      34    3.4000E-03    4.1227E-07    4.6094E-07
      35    3.5000E-03    4.1205E-07    4.6069E-07
      36    3.6000E-03    4.1183E-07    4.6045E-07
      37    3.7000E-03    4.1161E-07    4.6021E-07
      38    3.8000E-03    4.1140E-07    4.5996E-07
      39    3.9000E-03    4.1118E-07    4.5972E-07
      40    4.0000E-03    4.1096E-07    4.5948E-07
      41    4.1000E-03    4.1074E-07    4.5923E-07
      42    4.2000E-03    4.1053E-07    4.5899E-07
      43    4.3000E-03    4.1031E-07    4.5875E-07
      44    4.4000E-03    4.1009E-07    4.5851E-07
      45    4.5000E-03    4.0987E-07    4.5826E-07
      46    4.6000E-03    4.0966E-07    4.5802E-07
      47    4.7000E-03    4.0944E-07    4.5778E-07
      48    4.8000E-03    4.0923E-07    4.5754E-07
      49    4.9000E-03    4.0901E-07    4.5729E-07
      50    5.0000E-03    4.0879E-07    4.5705E-07
      51    5.1000E-03    4.0858E-07    4.5681E-07
      52    5.2000E-03    4.0836E-07    4.5657E-07
      53    5.3000E-03    4.0814E-07    4.5633E-07
      54    5.4000E-03    4.0793E-07    4.5609E-07
      55    5.5000E-03    4.0771E-07    4.5585E-07
      56    5.6000E-03    4.0750E-07    4.5561E-07
      57    5.7000E-03    4.0728E-07    4.5536E-07
      58    5.8000E-03    4.0707E-07    4.5512E-07
      59    5.9000E-03    4.0685E-07    4.5488E-07
      60    6.0000E-03    4.0664E-07    4.5464E-07
      61    6.1000E-03    4.0642E-07    4.5440E-07
      62    6.2000E-03    4.0621E-07    4.5416E-07
      63    6.3000E-03    4.0599E-07    4.5392E-07
      64    6.4000E-03    4.0578E-07    4.5368E-07
      65    6.5000E-03    4.0556E-07    4.5344E-07
      66    6.6000E-03    4.0535E-07    4.5320E-07
      67    6.7000E-03    4.0514E-07    4.5296E-07
      68    6.8000E-03    4.0492E-07    4.5272E-07
      69    6.9000E-03    4.0471E-07    4.5249E-07
      70    7.0000E-03    4.0449E-07    4.5225E-07
      71    7.1000E-03    4.0428E-07    4.5201E-07
      72    7.2000E-03    4.0407E-07    4.5177E-07
      73    7.3000E-03    4.0385E-07    4.5153E-07
      74    7.4000E-03    4.0364E-07    4.5129E-07
      75    7.5000E-03    4.0343E-07    4.5105E-07
      76    7.6000E-03    4.0321E-07    4.5082E-07
      77    7.7000E-03    4.0300E-07    4.5058E-07
      78    7.8000E-03    4.0279E-07    4.5034E-07
      79    7.9000E-03    4.0258E-07    4.5010E-07
      80    8.0000E-03    4.0236E-07    4.4986E-07
      81    8.1000E-03    4.0215E-07    4.4963E-07
      82    8.2000E-03    4.0194E-07    4.4939E-07
      83    8.3000E-03    4.0173E-07    4.4915E-07
      84    8.4000E-03    4.0151E-07    4.4891E-07
      85    8.5000E-03    4.0130E-07    4.4868E-07
      86    8.6000E-03    4.0109E-07    4.4844E-07
      87    8.7000E-03    4.0088E-07    4.4820E-07
      88    8.8000E-03    4.0067E-07    4.4797E-07
      89    8.9000E-03    4.0046E-07    4.4773E-07
      90    9.0000E-03    4.0024E-07    4.4749E-07
      91    9.1000E-03    4.0003E-07    4.4726E-07
      92    9.2000E-03    3.9982E-07    4.4702E-07
      93    9.3000E-03    3.9961E-07    4.4679E-07
      94    9.4000E-03    3.9940E-07    4.4655E-07
      95    9.5000E-03    3.9919E-07    4.4632E-07
      96    9.6000E-03    3.9898E-07    4.4608E-07
      97    9.7000E-03    3.9877E-07    4.4584E-07
      98    9.8000E-03    3.9856E-07    4.4561E-07
      99    9.9000E-03    3.9835E-07    4.4537E-07
     100    1.0000E-02    3.9814E-07    4.4514E-07
     101    1.0100E-02    3.9793E-07    4.4490E-07
     102    1.0200E-02    3.9772E-07    4.4467E-07
     103    1.0300E-02    3.9751E-07    4.4443E-07
     104    1.0400E-02    3.9730E-07    4.4420E-07
     105    1.0500E-02    3.9709E-07    4.4397E-07
     106    1.0600E-02    3.9688E-07    4.4373E-07
     107    1.0700E-02    3.9667E-07    4.4350E-07
     108    1.0800E-02    3.9646E-07    4.4326E-07
     109    1.0900E-02    3.9625E-07    4.4303E-07
     110    1.1000E-02    3.9604E-07    4.4280E-07
     111    1.1100E-02    3.9583E-07    4.4256E-07
     112    1.1200E-02    3.9562E-07    4.4233E-07
     113    1.1300E-02    3.9542E-07    4.4210E-07
     114    1.1400E-02    3.9521E-07    4.4186E-07
     115    1.1500E-02    3.9500E-07    4.4163E-07
     116    1.1600E-02    3.9479E-07    4.4140E-07
     117    1.1700E-02    3.9458E-07    4.4116E-07
     118    1.1800E-02    3.9437E-07    4.4093E-07
     119    1.1900E-02    3.9417E-07    4.4070E-07
     120    1.2000E-02    3.9396E-07    4.4047E-07
     121    1.2100E-02    3.9375E-07    4.4024E-07
     122    1.2200E-02    3.9354E-07    4.4000E-07
     123    1.2300E-02    3.9334E-07    4.3977E-07
     124    1.2400E-02    3.9313E-07    4.3954E-07
     125    1.2500E-02    3.9292E-07    4.3931E-07
     126    1.2600E-02    3.9271E-07    4.3908E-07
     127    1.2700E-02    3.9251E-07    4.3884E-07
     128    1.2800E-02    3.9230E-07    4.3861E-07
     129    1.2900E-02    3.9209E-07    4.3838E-07
     130    1.3000E-02    3.9189E-07    4.3815E-07
     131    1.3100E-02    3.9168E-07    4.3792E-07
     132    1.3200E-02    3.9147E-07    4.3769E-07
     133    1.3300E-02    3.9127E-07    4.3746E-07
     134    1.3400E-02    3.9106E-07    4.3723E-07
     135    1.3500E-02    3.9086E-07    4.3700E-07
     136    1.3600E-02    3.9065E-07    4.3677E-07
     137    1.3700E-02    3.9044E-07    4.3654E-07
     138    1.3800E-02    3.9024E-07    4.3631E-07
     139    1.3900E-02    3.9003E-07    4.3608E-07
     140    1.4000E-02    3.8983E-07    4.3585E-07
     141    1.4100E-02    3.8962E-07    4.3562E-07
     142    1.4200E-02    3.8942E-07    4.3539E-07
     143    1.4300E-02    3.8921E-07    4.3516E-07
     144    1.4400E-02    3.8901E-07    4.3493E-07
     145    1.4500E-02    3.8880E-07    4.3470E-07
     146    1.4600E-02    3.8860E-07    4.3447E-07
     147    1.4700E-02    3.8839E-07    4.3424E-07
     148    1.4800E-02    3.8819E-07    4.3401E-07
     149    1.4900E-02    3.8798E-07    4.3379E-07
     150    1.5000E-02    3.8778E-07    4.3356E-07
     151    1.5100E-02    3.8757E-07    4.3333E-07
     152    1.5200E-02    3.8737E-07    4.3310E-07
     153    1.5300E-02    3.8717E-07    4.3287E-07
     154    1.5400E-02    3.8696E-07    4.3265E-07
     155    1.5500E-02    3.8676E-07    4.3242E-07
     156    1.5600E-02    3.8655E-07    4.3219E-07
     157    1.5700E-02    3.8635E-07    4.3196E-07
     158    1.5800E-02    3.8615E-07    4.3173E-07
     159    1.5900E-02    3.8594E-07    4.3151E-07
     160    1.6000E-02    3.8574E-07    4.3128E-07
     161    1.6100E-02    3.8554E-07    4.3105E-07
     162    1.6200E-02    3.8534E-07    4.3083E-07
     163    1.6300E-02    3.8513E-07    4.3060E-07
     164    1.6400E-02    3.8493E-07    4.3037E-07
     165    1.6500E-02    3.8473E-07    4.3015E-07
     166    1.6600E-02    3.8452E-07    4.2992E-07
     167    1.6700E-02    3.8432E-07    4.2969E-07
     168    1.6800E-02    3.8412E-07    4.2947E-07
     169    1.6900E-02    3.8392E-07    4.2924E-07
     170    1.7000E-02    3.8372E-07    4.2902E-07
     171    1.7100E-02    3.8351E-07    4.2879E-07
     172    1.7200E-02    3.8331E-07    4.2856E-07
     173    1.7300E-02    3.8311E-07    4.2834E-07
     174    1.7400E-02    3.8291E-07    4.2811E-07
     175    1.7500E-02    3.8271E-07    4.2789E-07
     176    1.7600E-02    3.8251E-07    4.2766E-07
     177    1.7700E-02    3.8231E-07    4.2744E-07
     178    1.7800E-02    3.8210E-07    4.2721E-07
     179    1.7900E-02    3.8190E-07    4.2699E-07
     180    1.8000E-02    3.8170E-07    4.2676E-07
     181    1.8100E-02    3.8150E-07    4.2654E-07
     182    1.8200E-02    3.8130E-07    4.2632E-07
     183    1.8300E-02    3.8110E-07    4.2609E-07
     184    1.8400E-02    3.8090E-07    4.2587E-07
     185    1.8500E-02    3.8070E-07    4.2564E-07
     186    1.8600E-02    3.8050E-07    4.2542E-07
     187    1.8700E-02    3.8030E-07    4.2520E-07
     188    1.8800E-02    3.8010E-07    4.2497E-07
     189    1.8900E-02    3.7990E-07    4.2475E-07
     190    1.9000E-02    3.7970E-07    4.2453E-07
     191    1.9100E-02    3.7950E-07    4.2430E-07
     192    1.9200E-02    3.7930E-07    4.2408E-07
     193    1.9300E-02    3.7910E-07    4.2386E-07
     194    1.9400E-02    3.7890E-07    4.2363E-07
     195    1.9500E-02    3.7870E-07    4.2341E-07
     196    1.9600E-02    3.7850E-07    4.2319E-07
     197    1.9700E-02    3.7830E-07    4.2297E-07
     198    1.9800E-02    3.7811E-07    4.2274E-07
     199    1.9900E-02    3.7791E-07    4.2252E-07
     200    2.0000E-02    3.7771E-07    4.2230E-07
     400    4.0000E-02    3.4013E-07    3.8029E-07
     600    6.0000E-02    3.0651E-07    3.4269E-07
     800    8.0000E-02    2.7637E-07    3.0900E-07
    1000    1.0000E-01    2.4934E-07    2.7878E-07
    1200    1.2000E-01    2.2506E-07    2.5163E-07
    1400    1.4000E-01    2.0324E-07    2.2723E-07
    1600    1.6000E-01    1.8360E-07    2.0528E-07
    1800    1.8000E-01    1.6592E-07    1.8551E-07
    2000    2.0000E-01    1.5000E-07    1.6770E-07
    2200    2.2000E-01    1.3564E-07    1.5165E-07
    2400    2.4000E-01    1.2268E-07    1.3717E-07
    2600    2.6000E-01    1.1099E-07    1.2410E-07
    2800    2.8000E-01    1.0044E-07    1.1230E-07
    3000    3.0000E-01    9.0905E-08    1.0164E-07
    3200    3.2000E-01    8.2291E-08    9.2006E-08
    3400    3.4000E-01    7.4505E-08    8.3300E-08
    3600    3.6000E-01    6.7465E-08    7.5429E-08
    3800    3.8000E-01    6.1098E-08    6.8311E-08
    4000    4.0000E-01    5.5339E-08    6.1871E-08
    4200    4.2000E-01    5.0127E-08    5.6045E-08
    4400    4.4000E-01    4.5411E-08    5.0772E-08
    4600    4.6000E-01    4.1142E-08    4.5999E-08
    4800    4.8000E-01    3.7277E-08    4.1678E-08
    5000    5.0000E-01    3.3778E-08    3.7765E-08
    5200    5.2000E-01    3.0609E-08    3.4222E-08
    5400    5.4000E-01    2.7739E-08    3.1013E-08
    5600    5.6000E-01    2.5139E-08    2.8107E-08
    5800    5.8000E-01    2.2784E-08    2.5474E-08
    6000    6.0000E-01    2.0651E-08    2.3089E-08
    6200    6.2000E-01    1.8718E-08    2.0928E-08
    6400    6.4000E-01    1.6967E-08    1.8970E-08
    6600    6.6000E-01    1.5379E-08    1.7195E-08
    6800    6.8000E-01    1.3941E-08    1.5587E-08
    7000    7.0000E-01    1.2638E-08    1.4130E-08
    7200    7.2000E-01    1.1457E-08    1.2809E-08
    7400    7.4000E-01    1.0386E-08    1.1612E-08
    7600    7.6000E-01    9.4157E-09    1.0527E-08
    7800    7.8000E-01    8.5362E-09    9.5439E-09
    8000    8.0000E-01    7.7389E-09    8.6525E-09
    8200    8.2000E-01    7.0162E-09    7.8445E-09
    8400    8.4000E-01    6.3610E-09    7.1120E-09
    8600    8.6000E-01    5.7672E-09    6.4480E-09
    8800    8.8000E-01    5.2288E-09    5.8460E-09
    9000    9.0000E-01    4.7407E-09    5.3003E-09
    9200    9.2000E-01    4.2982E-09    4.8056E-09
    9400    9.4000E-01    3.8971E-09    4.3571E-09
    9600    9.6000E-01    3.5334E-09    3.9505E-09
    9800    9.8000E-01    3.2036E-09    3.5818E-09
   10000    1.0000E+00    2.9047E-09    3.2476E-09
   10200    1.0200E+00    2.6337E-09    2.9446E-09
   10400    1.0400E+00    2.3879E-09    2.6699E-09
   10600    1.0600E+00    2.1652E-09    2.4208E-09
   10800    1.0800E+00    1.9632E-09    2.1949E-09
   11000    1.1000E+00    1.7800E-09    1.9902E-09
   11200    1.1200E+00    1.6140E-09    1.8045E-09
   11400    1.1400E+00    1.4634E-09    1.6362E-09
   11600    1.1600E+00    1.3269E-09    1.4835E-09
   11800    1.1800E+00    1.2031E-09    1.3451E-09
   12000    1.2000E+00    1.0909E-09    1.2197E-09
   12200    1.2200E+00    9.8914E-10    1.1059E-09
   12400    1.2400E+00    8.9687E-10    1.0028E-09
   12600    1.2600E+00    8.1322E-10    9.0922E-10
   12800    1.2800E+00    7.3737E-10    8.2442E-10
   13000    1.3000E+00    6.6859E-10    7.4752E-10
   13200    1.3200E+00    6.0623E-10    6.7780E-10
   13400    1.3400E+00    5.4969E-10    6.1458E-10
   13600    1.3600E+00    4.9842E-10    5.5726E-10
   13800    1.3800E+00    4.5194E-10    5.0529E-10
   14000    1.4000E+00    4.0979E-10    4.5816E-10
   14200    1.4200E+00    3.7157E-10    4.1543E-10
   14400    1.4400E+00    3.3691E-10    3.7669E-10
   14600    1.4600E+00    3.0549E-10    3.4155E-10
   14800    1.4800E+00    2.7700E-10    3.0970E-10
   15000    1.5000E+00    2.5117E-10    2.8082E-10
   15200    1.5200E+00    2.2774E-10    2.5463E-10
   15400    1.5400E+00    2.0650E-10    2.3088E-10
   15600    1.5600E+00    1.8724E-10    2.0935E-10
   15800    1.5800E+00    1.6978E-10    1.8982E-10
   16000    1.6000E+00    1.5395E-10    1.7212E-10
   16200    1.6200E+00    1.3959E-10    1.5607E-10
   16400    1.6400E+00    1.2657E-10    1.4151E-10
   16600    1.6600E+00    1.1477E-10    1.2831E-10
   16800    1.6800E+00    1.0406E-10    1.1635E-10
   17000    1.7000E+00    9.4358E-11    1.0550E-10
   17200    1.7200E+00    8.5558E-11    9.5659E-11
   17400    1.7400E+00    7.7579E-11    8.6738E-11
   17600    1.7600E+00    7.0344E-11    7.8648E-11
   17800    1.7800E+00    6.3784E-11    7.1314E-11
   18000    1.8000E+00    5.7835E-11    6.4663E-11
   18200    1.8200E+00    5.2442E-11    5.8632E-11
   18400    1.8400E+00    4.7551E-11    5.3164E-11
   18600    1.8600E+00    4.3116E-11    4.8206E-11
   18800    1.8800E+00    3.9095E-11    4.3711E-11
   19000    1.9000E+00    3.5449E-11    3.9634E-11
   19200    1.9200E+00    3.2143E-11    3.5938E-11
   19400    1.9400E+00    2.9146E-11    3.2586E-11
   19600    1.9600E+00    2.6428E-11    2.9547E-11
   19800    1.9800E+00    2.3963E-11    2.6792E-11
   20000    2.0000E+00    2.1728E-11    2.4293E-11
   20200    2.0200E+00    1.9702E-11    2.2028E-11
   20400    2.0400E+00    1.7864E-11    1.9973E-11
   20600    2.0600E+00    1.6198E-11    1.8111E-11
   20800    2.0800E+00    1.4688E-11    1.6422E-11
   21000    2.1000E+00    1.3318E-11    1.4890E-11
   21200    2.1200E+00    1.2076E-11    1.3502E-11
   21400    2.1400E+00    1.0950E-11    1.2242E-11
   21600    2.1600E+00    9.9286E-12    1.1101E-11
   21800    2.1800E+00    9.0027E-12    1.0065E-11
   22000    2.2000E+00    8.1631E-12    9.1268E-12
   22200    2.2200E+00    7.4018E-12    8.2756E-12
   22400    2.2400E+00    6.7115E-12    7.5038E-12
   22600    2.2600E+00    6.0856E-12    6.8040E-12
   22800    2.2800E+00    5.5181E-12    6.1695E-12
   23000    2.3000E+00    5.0035E-12    5.5941E-12
   23200    2.3200E+00    4.5368E-12    5.0724E-12
   23400    2.3400E+00    4.1137E-12    4.5994E-12
   23600    2.3600E+00    3.7301E-12    4.1705E-12
   23800    2.3800E+00    3.3822E-12    3.7815E-12
   24000    2.4000E+00    3.0668E-12    3.4289E-12
   24200    2.4200E+00    2.7808E-12    3.1091E-12
   24400    2.4400E+00    2.5215E-12    2.8191E-12
   24600    2.4600E+00    2.2863E-12    2.5562E-12
   24800    2.4800E+00    2.0731E-12    2.3178E-12
   25000    2.5000E+00    1.8798E-12    2.1017E-12
   25200    2.5200E+00    1.7045E-12    1.9057E-12
   25400    2.5400E+00    1.5455E-12    1.7280E-12
   25600    2.5600E+00    1.4014E-12    1.5668E-12
   25800    2.5800E+00    1.2707E-12    1.4207E-12
   26000    2.6000E+00    1.1522E-12    1.2882E-12
   26200    2.6200E+00    1.0447E-12    1.1681E-12
   26400    2.6400E+00    9.4730E-13    1.0591E-12
   26600    2.6600E+00    8.5895E-13    9.6036E-13
   26800    2.6800E+00    7.7885E-13    8.7080E-13
   27000    2.7000E+00    7.0621E-13    7.8959E-13
   27200    2.7200E+00    6.4035E-13    7.1596E-13
   27400    2.7400E+00    5.8063E-13    6.4919E-13
   27600    2.7600E+00    5.2649E-13    5.8865E-13
   27800    2.7800E+00    4.7739E-13    5.3375E-13
   28000    2.8000E+00    4.3287E-13    4.8397E-13
   28200    2.8200E+00    3.9250E-13    4.3884E-13
   28400    2.8400E+00    3.5589E-13    3.9791E-13
   28600    2.8600E+00    3.2270E-13    3.6081E-13
   28800    2.8800E+00    2.9261E-13    3.2716E-13
   29000    2.9000E+00    2.6532E-13    2.9665E-13
   29200    2.9200E+00    2.4058E-13    2.6898E-13
   29400    2.9400E+00    2.1814E-13    2.4390E-13
   29600    2.9600E+00    1.9780E-13    2.2115E-13
   29800    2.9800E+00    1.7935E-13    2.0053E-13
   30000    3.0000E+00    1.6262E-13    1.8183E-13
   30200    3.0200E+00    1.4746E-13    1.6487E-13
   30400    3.0400E+00    1.3371E-13    1.4950E-13
   30600    3.0600E+00    1.2124E-13    1.3556E-13
   30800    3.0800E+00    1.0993E-13    1.2291E-13
   31000    3.1000E+00    9.9679E-14    1.1145E-13
   31200    3.1200E+00    9.0383E-14    1.0106E-13
   31400    3.1400E+00    8.1954E-14    9.1635E-14
   31600    3.1600E+00    7.4311E-14    8.3090E-14
   31800    3.1800E+00    6.7381E-14    7.5342E-14
   32000    3.2000E+00    6.1097E-14    6.8316E-14
   32200    3.2200E+00    5.5399E-14    6.1946E-14
   32400    3.2400E+00    5.0233E-14    5.6169E-14
   32600    3.2600E+00    4.5548E-14    5.0931E-14
   32800    3.2800E+00    4.1300E-14    4.6182E-14
   33000    3.3000E+00    3.7449E-14    4.1876E-14
   33200    3.3200E+00    3.3956E-14    3.7971E-14
   33400    3.3400E+00    3.0789E-14    3.4431E-14
   33600    3.3600E+00    2.7918E-14    3.1220E-14
   33800    3.3800E+00    2.5314E-14    2.8309E-14
   34000    3.4000E+00    2.2954E-14    2.5670E-14
   34200    3.4200E+00    2.0813E-14    2.3276E-14
   34400    3.4400E+00    1.8872E-14    2.1106E-14
   34600    3.4600E+00    1.7112E-14    1.9139E-14
   34800    3.4800E+00    1.5516E-14    1.7354E-14
   35000    3.5000E+00    1.4069E-14    1.5737E-14
   35200    3.5200E+00    1.2757E-14    1.4270E-14
   35400    3.5400E+00    1.1567E-14    1.2939E-14
   35600    3.5600E+00    1.0489E-14    1.1733E-14
   35800    3.5800E+00    9.5104E-15    1.0640E-14
   36000    3.6000E+00    8.6235E-15    9.6480E-15
   36200    3.6200E+00    7.8193E-15    8.7489E-15
   36400    3.6400E+00    7.0901E-15    7.9336E-15
   36600    3.6600E+00    6.4288E-15    7.1943E-15
   36800    3.6800E+00    5.8293E-15    6.5240E-15
   37000    3.7000E+00    5.2857E-15    5.9162E-15
   37200    3.7200E+00    4.7927E-15    5.3650E-15
   37400    3.7400E+00    4.3458E-15    4.8653E-15
   37600    3.7600E+00    3.9405E-15    4.4122E-15
   37800    3.7800E+00    3.5730E-15    4.0013E-15
   38000    3.8000E+00    3.2398E-15    3.6288E-15
   38200    3.8200E+00    2.9376E-15    3.2910E-15
   38400    3.8400E+00    2.6637E-15    2.9847E-15
   38600    3.8600E+00    2.4153E-15    2.7070E-15
   38800    3.8800E+00    2.1900E-15    2.4552E-15
   39000    3.9000E+00    1.9858E-15    2.2269E-15
   39200    3.9200E+00    1.8006E-15    2.0198E-15
   39400    3.9400E+00    1.6327E-15    1.8321E-15
   39600    3.9600E+00    1.4804E-15    1.6619E-15
   39800    3.9800E+00    1.3423E-15    1.5076E-15
   40000    4.0000E+00    1.2171E-15    1.3677E-15
   40200    4.0200E+00    1.1036E-15    1.2408E-15
   40400    4.0400E+00    1.0007E-15    1.1258E-15
   40600    4.0600E+00    9.0738E-16    1.0215E-15
   40800    4.0800E+00    8.2276E-16    9.2693E-16
   41000    4.1000E+00    7.4603E-16    8.4121E-16
   41200    4.1200E+00    6.7645E-16    7.6349E-16
   41400    4.1400E+00    6.1336E-16    6.9304E-16
   41600    4.1600E+00    5.5616E-16    6.2917E-16
   41800    4.1800E+00    5.0429E-16    5.7127E-16
   42000    4.2000E+00    4.5726E-16    5.1879E-16
   42200    4.2200E+00    4.1461E-16    4.7123E-16
   42400    4.2400E+00    3.7594E-16    4.2812E-16
   42600    4.2600E+00    3.4088E-16    3.8906E-16
   42800    4.2800E+00    3.0909E-16    3.5367E-16
   43000    4.3000E+00    2.8026E-16    3.2161E-16
   43200    4.3200E+00    2.5412E-16    2.9256E-16
   43400    4.3400E+00    2.3042E-16    2.6627E-16
   43600    4.3600E+00    2.0893E-16    2.4246E-16
   43800    4.3800E+00    1.8945E-16    2.2092E-16
   44000    4.4000E+00    1.7177E-16    2.0143E-16
   44200    4.4200E+00    1.5575E-16    1.8380E-16
   44400    4.4400E+00    1.4122E-16    1.6787E-16
   44600    4.4600E+00    1.2805E-16    1.5349E-16
   44800    4.4800E+00    1.1611E-16    1.4051E-16
   45000    4.5000E+00    1.0528E-16    1.2881E-16
   45200    4.5200E+00    9.5461E-17    1.1827E-16
   45400    4.5400E+00    8.6557E-17    1.0879E-16
   45600    4.5600E+00    7.8483E-17    1.0027E-16
   45800    4.5800E+00    7.1161E-17    9.2622E-17
   46000    4.6000E+00    6.4521E-17    8.5776E-17
   46200    4.6200E+00    5.8500E-17    7.9658E-17
   46400    4.6400E+00    5.3040E-17    7.4202E-17
   46600    4.6600E+00    4.8089E-17    6.9348E-17
   46800    4.6800E+00    4.3599E-17    6.5041E-17
   47000    4.7000E+00    3.9528E-17    6.1229E-17
   47200    4.7200E+00    3.5836E-17    5.7864E-17
   47400    4.7400E+00    3.2488E-17    5.4904E-17
   47600    4.7600E+00    2.9452E-17    5.2306E-17
   47800    4.7800E+00    2.8634E-17    5.0033E-17
   48000    4.8000E+00    2.8634E-17    4.8055E-17
   48200    4.8200E+00    2.8634E-17    4.6333E-17
   48400    4.8400E+00    2.8634E-17    4.4838E-17
   48600    4.8600E+00    2.8634E-17    4.3541E-17
   48800    4.8800E+00    2.8634E-17    4.2419E-17
   49000    4.9000E+00    2.8634E-17    4.1448E-17
   49200    4.9200E+00    2.8634E-17    4.0610E-17
   49400    4.9400E+00    2.8634E-17    3.9887E-17
   49600    4.9600E+00    2.8634E-17    3.9263E-17
   49800    4.9800E+00    2.8634E-17    3.8724E-17
   50000    5.0000E+00    2.8634E-17    3.8260E-17
