iteration          time             xO2              xO          xE(s1)          xO(s1)
        0    0.0000E+00    1.082445E+00    1.202717E-01    7.500000E-06    1.000000E-15
       10    1.0000E-07    1.082445E+00    1.202717E-01    7.056776E-06    4.432240E-07
       20    2.0000E-07    1.082445E+00    1.202717E-01    6.630927E-06    8.690729E-07
       30    3.0000E-07    1.082445E+00    1.202717E-01    6.242047E-06    1.257953E-06
       40    4.0000E-07    1.082445E+00    1.202717E-01    5.885756E-06    1.614244E-06
       50    5.0000E-07    1.082445E+00    1.202717E-01    5.558335E-06    1.941665E-06
       60    6.0000E-07    1.082445E+00    1.202717E-01    5.256609E-06    2.243391E-06
       70    7.0000E-07    1.082445E+00    1.202717E-01    4.977850E-06    2.522150E-06
       80    8.0000E-07    1.082445E+00    1.202717E-01    4.719701E-06    2.780299E-06
       90    9.0000E-07    1.082445E+00    1.202717E-01    4.480116E-06    3.019884E-06
      100    1.0000E-06    1.082445E+00    1.202717E-01    4.257308E-06    3.242692E-06
      110    1.1000E-06    1.082445E+00    1.202717E-01    4.049710E-06    3.450290E-06
      120    1.2000E-06    1.082445E+00    1.202717E-01    3.855944E-06    3.644056E-06
      130    1.3000E-06    1.082445E+00    1.202717E-01    3.674792E-06    3.825208E-06
      140    1.4000E-06    1.082445E+00    1.202717E-01    3.505172E-06    3.994828E-06
      150    1.5000E-06    1.082445E+00    1.202717E-01    3.346123E-06    4.153877E-06
      160    1.6000E-06    1.082445E+00    1.202717E-01    3.196784E-06    4.303216E-06
      170    1.7000E-06    1.082445E+00    1.202717E-01    3.056385E-06    4.443615E-06
      180    1.8000E-06    1.082445E+00    1.202717E-01    2.924234E-06    4.575766E-06
      190    1.9000E-06    1.082445E+00    1.202717E-01    2.799708E-06    4.700292E-06
      200    2.0000E-06    1.082445E+00    1.202717E-01    2.682242E-06    4.817758E-06
      210    2.1000E-06    1.082445E+00    1.202717E-01    2.571327E-06    4.928673E-06
      220    2.2000E-06    1.082445E+00    1.202717E-01    2.466498E-06    5.033502E-06
      230    2.3000E-06    1.082445E+00    1.202717E-01    2.367334E-06    5.132666E-06
      240    2.4000E-06    1.082445E+00    1.202717E-01    2.273449E-06    5.226551E-06
      250    2.5000E-06    1.082445E+00    1.202717E-01    2.184493E-06    5.315507E-06
      260    2.6000E-06    1.082445E+00    1.202717E-01    2.100142E-06    5.399858E-06
      270    2.7000E-06    1.082445E+00    1.202717E-01    2.020102E-06    5.479898E-06
      280    2.8000E-06    1.082445E+00    1.202717E-01    1.944101E-06    5.555899E-06
      290    2.9000E-06    1.082445E+00    1.202717E-01    1.871887E-06    5.628113E-06
      300    3.0000E-06    1.082445E+00    1.202717E-01    1.803232E-06    5.696768E-06
      310    3.1000E-06    1.082445E+00    1.202717E-01    1.737920E-06    5.762080E-06
      320    3.2000E-06    1.082445E+00    1.202717E-01    1.675756E-06    5.824244E-06
      330    3.3000E-06    1.082445E+00    1.202717E-01    1.616557E-06    5.883443E-06
      340    3.4000E-06    1.082445E+00    1.202717E-01    1.560152E-06    5.939848E-06
      350    3.5000E-06    1.082445E+00    1.202717E-01    1.506384E-06    5.993616E-06
      360    3.6000E-06    1.082445E+00    1.202717E-01    1.455107E-06    6.044893E-06
      370    3.7000E-06    1.082445E+00    1.202717E-01    1.406184E-06    6.093816E-06
      380    3.8000E-06    1.082445E+00    1.202717E-01    1.359487E-06    6.140513E-06
      390    3.9000E-06    1.082445E+00    1.202717E-01    1.314898E-06    6.185102E-06
      400    4.0000E-06    1.082445E+00    1.202717E-01    1.272305E-06    6.227695E-06
      410    4.1000E-06    1.082445E+00    1.202717E-01    1.231605E-06    6.268395E-06
      420    4.2000E-06    1.082445E+00    1.202717E-01    1.192700E-06    6.307300E-06
      430    4.3000E-06    1.082445E+00    1.202717E-01    1.155498E-06    6.344502E-06
      440    4.4000E-06    1.082445E+00    1.202717E-01    1.119914E-06    6.380086E-06
      450    4.5000E-06    1.082445E+00    1.202717E-01    1.085867E-06    6.414133E-06
      460    4.6000E-06    1.082445E+00    1.202717E-01    1.053282E-06    6.446718E-06
      470    4.7000E-06    1.082445E+00    1.202717E-01    1.022086E-06    6.477914E-06
      480    4.8000E-06    1.082445E+00    1.202717E-01    9.922134E-07    6.507787E-06
      490    4.9000E-06    1.082445E+00    1.202717E-01    9.636003E-07    6.536400E-06
      500    5.0000E-06    1.082445E+00    1.202717E-01    9.361869E-07    6.563813E-06
      510    5.1000E-06    1.082445E+00    1.202717E-01    9.099169E-07    6.590083E-06
      520    5.2000E-06    1.082445E+00    1.202717E-01    8.847371E-07    6.615263E-06
      530    5.3000E-06    1.082445E+00    1.202717E-01    8.605969E-07    6.639403E-06
      540    5.4000E-06    1.082445E+00    1.202717E-01    8.374488E-07    6.662551E-06
      550    5.5000E-06    1.082445E+00    1.202717E-01    8.152477E-07    6.684752E-06
      560    5.6000E-06    1.082445E+00    1.202717E-01    7.939507E-07    6.706049E-06
      570    5.7000E-06    1.082445E+00    1.202717E-01    7.735175E-07    6.726483E-06
      580    5.8000E-06    1.082445E+00    1.202717E-01    7.539095E-07    6.746090E-06
      590    5.9000E-06    1.082445E+00    1.202717E-01    7.350904E-07    6.764910E-06
      600    6.0000E-06    1.082445E+00    1.202717E-01    7.170255E-07    6.782974E-06
      610    6.1000E-06    1.082445E+00    1.202717E-01    6.996820E-07    6.800318E-06
      620    6.2000E-06    1.082445E+00    1.202717E-01    6.830285E-07    6.816971E-06
      630    6.3000E-06    1.082445E+00    1.202717E-01    6.670354E-07    6.832965E-06
      640    6.4000E-06    1.082445E+00    1.202717E-01    6.516745E-07    6.848326E-06
      650    6.5000E-06    1.082445E+00    1.202717E-01    6.369187E-07    6.863081E-06
      660    6.6000E-06    1.082445E+00    1.202717E-01    6.227426E-07    6.877257E-06
      670    6.7000E-06    1.082445E+00    1.202717E-01    6.091217E-07    6.890878E-06
      680    6.8000E-06    1.082445E+00    1.202717E-01    5.960327E-07    6.903967E-06
      690    6.9000E-06    1.082445E+00    1.202717E-01    5.834535E-07    6.916547E-06
      700    7.0000E-06    1.082445E+00    1.202717E-01    5.713629E-07    6.928637E-06
      710    7.1000E-06    1.082445E+00    1.202717E-01    5.597409E-07    6.940259E-06
      720    7.2000E-06    1.082445E+00    1.202717E-01    5.485680E-07    6.951432E-06
      730    7.3000E-06    1.082445E+00    1.202717E-01    5.378260E-07    6.962174E-06
      740    7.4000E-06    1.082445E+00    1.202717E-01    5.274972E-07    6.972503E-06
      750    7.5000E-06    1.082445E+00    1.202717E-01    5.175650E-07    6.982435E-06
      760    7.6000E-06    1.082445E+00    1.202717E-01    5.080133E-07    6.991987E-06
      770    7.7000E-06    1.082445E+00    1.202717E-01    4.988268E-07    7.001173E-06
      780    7.8000E-06    1.082445E+00    1.202717E-01    4.899908E-07    7.010009E-06
      790    7.9000E-06    1.082445E+00    1.202717E-01    4.814913E-07    7.018509E-06
      800    8.0000E-06    1.082445E+00    1.202717E-01    4.733150E-07    7.026685E-06
      810    8.1000E-06    1.082445E+00    1.202717E-01    4.654489E-07    7.034551E-06
      820    8.2000E-06    1.082445E+00    1.202717E-01    4.578808E-07    7.042119E-06
      830    8.3000E-06    1.082445E+00    1.202717E-01    4.505990E-07    7.049401E-06
      840    8.4000E-06    1.082445E+00    1.202717E-01    4.435922E-07    7.056408E-06
      850    8.5000E-06    1.082445E+00    1.202717E-01    4.368495E-07    7.063150E-06
      860    8.6000E-06    1.082445E+00    1.202717E-01    4.303608E-07    7.069639E-06
      870    8.7000E-06    1.082445E+00    1.202717E-01    4.241160E-07    7.075884E-06
      880    8.8000E-06    1.082445E+00    1.202717E-01    4.181058E-07    7.081894E-06
      890    8.9000E-06    1.082445E+00    1.202717E-01    4.123209E-07    7.087679E-06
      900    9.0000E-06    1.082445E+00    1.202717E-01    4.067526E-07    7.093247E-06
      910    9.1000E-06    1.082445E+00    1.202717E-01    4.013927E-07    7.098607E-06
      920    9.2000E-06    1.082445E+00    1.202717E-01    3.962330E-07    7.103767E-06
      930    9.3000E-06    1.082445E+00    1.202717E-01    3.912659E-07    7.108734E-06
      940    9.4000E-06    1.082445E+00    1.202717E-01    3.864840E-07    7.113516E-06
      950    9.5000E-06    1.082445E+00    1.202717E-01    3.818802E-07    7.118120E-06
      960    9.6000E-06    1.082445E+00    1.202717E-01    3.774476E-07    7.122552E-06
      970    9.7000E-06    1.082445E+00    1.202717E-01    3.731798E-07    7.126820E-06
      980    9.8000E-06    1.082445E+00    1.202717E-01    3.690705E-07    7.130929E-06
      990    9.9000E-06    1.082445E+00    1.202717E-01    3.651137E-07    7.134886E-06
     1000    1.0000E-05    1.082445E+00    1.202717E-01    3.613035E-07    7.138697E-06
     1010    1.0100E-05    1.082445E+00    1.202717E-01    3.576344E-07    7.142366E-06
     1020    1.0200E-05    1.082445E+00    1.202717E-01    3.541012E-07    7.145899E-06
     1030    1.0300E-05    1.082445E+00    1.202717E-01    3.506985E-07    7.149301E-06
     1040    1.0400E-05    1.082445E+00    1.202717E-01    3.474216E-07    7.152578E-06
     1050    1.0500E-05    1.082445E+00    1.202717E-01    3.442657E-07    7.155734E-06
     1060    1.0600E-05    1.082445E+00    1.202717E-01    3.412263E-07    7.158774E-06
     1070    1.0700E-05    1.082445E+00    1.202717E-01    3.382989E-07    7.161701E-06
     1080    1.0800E-05    1.082445E+00    1.202717E-01    3.354794E-07    7.164521E-06
     1090    1.0900E-05    1.082445E+00    1.202717E-01    3.327638E-07    7.167236E-06
     1100    1.1000E-05    1.082445E+00    1.202717E-01    3.301481E-07    7.169852E-06
     1110    1.1100E-05    1.082445E+00    1.202717E-01    3.276286E-07    7.172371E-06
     1120    1.1200E-05    1.082445E+00    1.202717E-01    3.252017E-07    7.174798E-06
     1130    1.1300E-05    1.082445E+00    1.202717E-01    3.228640E-07    7.177136E-06
     1140    1.1400E-05    1.082445E+00    1.202717E-01    3.206121E-07    7.179388E-06
     1150    1.1500E-05    1.082445E+00    1.202717E-01    3.184429E-07    7.181557E-06
     1160    1.1600E-05    1.082445E+00    1.202717E-01    3.163533E-07    7.183647E-06
     1170    1.1700E-05    1.082445E+00    1.202717E-01    3.143403E-07    7.185660E-06
     1180    1.1800E-05    1.082445E+00    1.202717E-01    3.124011E-07    7.187599E-06
     1190    1.1900E-05    1.082445E+00    1.202717E-01    3.105330E-07    7.189467E-06
     1200    1.2000E-05    1.082445E+00    1.202717E-01    3.087333E-07    7.191267E-06
     1210    1.2100E-05    1.082445E+00    1.202717E-01    3.069994E-07    7.193001E-06
     1220    1.2200E-05    1.082445E+00    1.202717E-01    3.053290E-07    7.194671E-06
     1230    1.2300E-05    1.082445E+00    1.202717E-01    3.037197E-07    7.196280E-06
     1240    1.2400E-05    1.082445E+00    1.202717E-01    3.021693E-07    7.197831E-06
     1250    1.2500E-05    1.082445E+00    1.202717E-01    3.006755E-07    7.199324E-06
     1260    1.2600E-05    1.082445E+00    1.202717E-01    2.992364E-07    7.200764E-06
     1270    1.2700E-05    1.082445E+00    1.202717E-01    2.978498E-07    7.202150E-06
     1280    1.2800E-05    1.082445E+00    1.202717E-01    2.965138E-07    7.203486E-06
     1290    1.2900E-05    1.082445E+00    1.202717E-01    2.952266E-07    7.204773E-06
     1300    1.3000E-05    1.082445E+00    1.202717E-01    2.939864E-07    7.206014E-06
     1310    1.3100E-05    1.082445E+00    1.202717E-01    2.927915E-07    7.207209E-06
     1320    1.3200E-05    1.082445E+00    1.202717E-01    2.916401E-07    7.208360E-06
     1330    1.3300E-05    1.082445E+00    1.202717E-01    2.905307E-07    7.209469E-06
     1340    1.3400E-05    1.082445E+00    1.202717E-01    2.894618E-07    7.210538E-06
     1350    1.3500E-05    1.082445E+00    1.202717E-01    2.884318E-07    7.211568E-06
     1360    1.3600E-05    1.082445E+00    1.202717E-01    2.874394E-07    7.212561E-06
     1370    1.3700E-05    1.082445E+00    1.202717E-01    2.864832E-07    7.213517E-06
     1380    1.3800E-05    1.082445E+00    1.202717E-01    2.855617E-07    7.214438E-06
     1390    1.3900E-05    1.082445E+00    1.202717E-01    2.846739E-07    7.215326E-06
     1400    1.4000E-05    1.082445E+00    1.202717E-01    2.838183E-07    7.216182E-06
     1410    1.4100E-05    1.082445E+00    1.202717E-01    2.829939E-07    7.217006E-06
     1420    1.4200E-05    1.082445E+00    1.202717E-01    2.821996E-07    7.217800E-06
     1430    1.4300E-05    1.082445E+00    1.202717E-01    2.814341E-07    7.218566E-06
     1440    1.4400E-05    1.082445E+00    1.202717E-01    2.806965E-07    7.219304E-06
     1450    1.4500E-05    1.082445E+00    1.202717E-01    2.799857E-07    7.220014E-06
     1460    1.4600E-05    1.082445E+00    1.202717E-01    2.793007E-07    7.220699E-06
     1470    1.4700E-05    1.082445E+00    1.202717E-01    2.786407E-07    7.221359E-06
     1480    1.4800E-05    1.082445E+00    1.202717E-01    2.780047E-07    7.221995E-06
     1490    1.4900E-05    1.082445E+00    1.202717E-01    2.773918E-07    7.222608E-06
     1500    1.5000E-05    1.082445E+00    1.202717E-01    2.768012E-07    7.223199E-06
     1510    1.5100E-05    1.082445E+00    1.202717E-01    2.762320E-07    7.223768E-06
     1520    1.5200E-05    1.082445E+00    1.202717E-01    2.756836E-07    7.224316E-06
     1530    1.5300E-05    1.082445E+00    1.202717E-01    2.751550E-07    7.224845E-06
     1540    1.5400E-05    1.082445E+00    1.202717E-01    2.746457E-07    7.225354E-06
     1550    1.5500E-05    1.082445E+00    1.202717E-01    2.741549E-07    7.225845E-06
     1560    1.5600E-05    1.082445E+00    1.202717E-01    2.736819E-07    7.226318E-06
     1570    1.5700E-05    1.082445E+00    1.202717E-01    2.732261E-07    7.226774E-06
     1580    1.5800E-05    1.082445E+00    1.202717E-01    2.727868E-07    7.227213E-06
     1590    1.5900E-05    1.082445E+00    1.202717E-01    2.723635E-07    7.227636E-06
     1600    1.6000E-05    1.082445E+00    1.202717E-01    2.719556E-07    7.228044E-06
     1610    1.6100E-05    1.082445E+00    1.202717E-01    2.715625E-07    7.228438E-06
     1620    1.6200E-05    1.082445E+00    1.202717E-01    2.711836E-07    7.228816E-06
     1630    1.6300E-05    1.082445E+00    1.202717E-01    2.708185E-07    7.229181E-06
     1640    1.6400E-05    1.082445E+00    1.202717E-01    2.704667E-07    7.229533E-06
     1650    1.6500E-05    1.082445E+00    1.202717E-01    2.701276E-07    7.229872E-06
     1660    1.6600E-05    1.082445E+00    1.202717E-01    2.698009E-07    7.230199E-06
     1670    1.6700E-05    1.082445E+00    1.202717E-01    2.694859E-07    7.230514E-06
     1680    1.6800E-05    1.082445E+00    1.202717E-01    2.691825E-07    7.230818E-06
     1690    1.6900E-05    1.082445E+00    1.202717E-01    2.688900E-07    7.231110E-06
     1700    1.7000E-05    1.082445E+00    1.202717E-01    2.686081E-07    7.231392E-06
     1710    1.7100E-05    1.082445E+00    1.202717E-01    2.683365E-07    7.231663E-06
     1720    1.7200E-05    1.082445E+00    1.202717E-01    2.680747E-07    7.231925E-06
     1730    1.7300E-05    1.082445E+00    1.202717E-01    2.678225E-07    7.232178E-06
     1740    1.7400E-05    1.082445E+00    1.202717E-01    2.675793E-07    7.232421E-06
     1750    1.7500E-05    1.082445E+00    1.202717E-01    2.673450E-07    7.232655E-06
     1760    1.7600E-05    1.082445E+00    1.202717E-01    2.671192E-07    7.232881E-06
     1770    1.7700E-05    1.082445E+00    1.202717E-01    2.669016E-07    7.233098E-06
     1780    1.7800E-05    1.082445E+00    1.202717E-01    2.666919E-07    7.233308E-06
     1790    1.7900E-05    1.082445E+00    1.202717E-01    2.664898E-07    7.233510E-06
     1800    1.8000E-05    1.082445E+00    1.202717E-01    2.662950E-07    7.233705E-06
     1810    1.8100E-05    1.082445E+00    1.202717E-01    2.661073E-07    7.233893E-06
     1820    1.8200E-05    1.082445E+00    1.202717E-01    2.659263E-07    7.234074E-06
     1830    1.8300E-05    1.082445E+00    1.202717E-01    2.657520E-07    7.234248E-06
     1840    1.8400E-05    1.082445E+00    1.202717E-01    2.655839E-07    7.234416E-06
     1850    1.8500E-05    1.082445E+00    1.202717E-01    2.654220E-07    7.234578E-06
     1860    1.8600E-05    1.082445E+00    1.202717E-01    2.652659E-07    7.234734E-06
     1870    1.8700E-05    1.082445E+00    1.202717E-01    2.651155E-07    7.234884E-06
     1880    1.8800E-05    1.082445E+00    1.202717E-01    2.649706E-07    7.235029E-06
     1890    1.8900E-05    1.082445E+00    1.202717E-01    2.648308E-07    7.235169E-06
     1900    1.9000E-05    1.082445E+00    1.202717E-01    2.646962E-07    7.235304E-06
     1910    1.9100E-05    1.082445E+00    1.202717E-01    2.645664E-07    7.235434E-06
     1920    1.9200E-05    1.082445E+00    1.202717E-01    2.644414E-07    7.235559E-06
     1930    1.9300E-05    1.082445E+00    1.202717E-01    2.643209E-07    7.235679E-06
     1940    1.9400E-05    1.082445E+00    1.202717E-01    2.642047E-07    7.235795E-06
     1950    1.9500E-05    1.082445E+00    1.202717E-01    2.640928E-07    7.235907E-06
     1960    1.9600E-05    1.082445E+00    1.202717E-01    2.639849E-07    7.236015E-06
     1970    1.9700E-05    1.082445E+00    1.202717E-01    2.638809E-07    7.236119E-06
     1980    1.9800E-05    1.082445E+00    1.202717E-01    2.637807E-07    7.236219E-06
     1990    1.9900E-05    1.082445E+00    1.202717E-01    2.636841E-07    7.236316E-06
     2000    2.0000E-05    1.082445E+00    1.202717E-01    2.635910E-07    7.236409E-06
     2010    2.0100E-05    1.082445E+00    1.202717E-01    2.635013E-07    7.236499E-06
     2020    2.0200E-05    1.082445E+00    1.202717E-01    2.634149E-07    7.236585E-06
     2030    2.0300E-05    1.082445E+00    1.202717E-01    2.633316E-07    7.236668E-06
     2040    2.0400E-05    1.082445E+00    1.202717E-01    2.632513E-07    7.236749E-06
     2050    2.0500E-05    1.082445E+00    1.202717E-01    2.631739E-07    7.236826E-06
     2060    2.0600E-05    1.082445E+00    1.202717E-01    2.630993E-07    7.236901E-06
     2070    2.0700E-05    1.082445E+00    1.202717E-01    2.630274E-07    7.236973E-06
     2080    2.0800E-05    1.082445E+00    1.202717E-01    2.629581E-07    7.237042E-06
     2090    2.0900E-05    1.082445E+00    1.202717E-01    2.628914E-07    7.237109E-06
     2100    2.1000E-05    1.082445E+00    1.202717E-01    2.628270E-07    7.237173E-06
     2110    2.1100E-05    1.082445E+00    1.202717E-01    2.627650E-07    7.237235E-06
     2120    2.1200E-05    1.082445E+00    1.202717E-01    2.627052E-07    7.237295E-06
     2130    2.1300E-05    1.082445E+00    1.202717E-01    2.626476E-07    7.237352E-06
     2140    2.1400E-05    1.082445E+00    1.202717E-01    2.625921E-07    7.237408E-06
     2150    2.1500E-05    1.082445E+00    1.202717E-01    2.625386E-07    7.237461E-06
     2160    2.1600E-05    1.082445E+00    1.202717E-01    2.624870E-07    7.237513E-06
     2170    2.1700E-05    1.082445E+00    1.202717E-01    2.624373E-07    7.237563E-06
     2180    2.1800E-05    1.082445E+00    1.202717E-01    2.623894E-07    7.237611E-06
     2190    2.1900E-05    1.082445E+00    1.202717E-01    2.623433E-07    7.237657E-06
     2200    2.2000E-05    1.082445E+00    1.202717E-01    2.622988E-07    7.237701E-06
     2210    2.2100E-05    1.082445E+00    1.202717E-01    2.622559E-07    7.237744E-06
     2220    2.2200E-05    1.082445E+00    1.202717E-01    2.622146E-07    7.237785E-06
     2230    2.2300E-05    1.082445E+00    1.202717E-01    2.621748E-07    7.237825E-06
     2240    2.2400E-05    1.082445E+00    1.202717E-01    2.621364E-07    7.237864E-06
     2250    2.2500E-05    1.082445E+00    1.202717E-01    2.620994E-07    7.237901E-06
     2260    2.2600E-05    1.082445E+00    1.202717E-01    2.620637E-07    7.237936E-06
     2270    2.2700E-05    1.082445E+00    1.202717E-01    2.620294E-07    7.237971E-06
     2280    2.2800E-05    1.082445E+00    1.202717E-01    2.619962E-07    7.238004E-06
     2290    2.2900E-05    1.082445E+00    1.202717E-01    2.619643E-07    7.238036E-06
     2300    2.3000E-05    1.082445E+00    1.202717E-01    2.619336E-07    7.238066E-06
     2310    2.3100E-05    1.082445E+00    1.202717E-01    2.619039E-07    7.238096E-06
     2320    2.3200E-05    1.082445E+00    1.202717E-01    2.618754E-07    7.238125E-06
     2330    2.3300E-05    1.082445E+00    1.202717E-01    2.618478E-07    7.238152E-06
     2340    2.3400E-05    1.082445E+00    1.202717E-01    2.618213E-07    7.238179E-06
     2350    2.3500E-05    1.082445E+00    1.202717E-01    2.617957E-07    7.238204E-06
     2360    2.3600E-05    1.082445E+00    1.202717E-01    2.617710E-07    7.238229E-06
     2370    2.3700E-05    1.082445E+00    1.202717E-01    2.617473E-07    7.238253E-06
     2380    2.3800E-05    1.082445E+00    1.202717E-01    2.617244E-07    7.238276E-06
     2390    2.3900E-05    1.082445E+00    1.202717E-01    2.617023E-07    7.238298E-06
     2400    2.4000E-05    1.082445E+00    1.202717E-01    2.616811E-07    7.238319E-06
     2410    2.4100E-05    1.082445E+00    1.202717E-01    2.616606E-07    7.238339E-06
     2420    2.4200E-05    1.082445E+00    1.202717E-01    2.616408E-07    7.238359E-06
     2430    2.4300E-05    1.082445E+00    1.202717E-01    2.616218E-07    7.238378E-06
     2440    2.4400E-05    1.082445E+00    1.202717E-01    2.616034E-07    7.238397E-06
     2450    2.4500E-05    1.082445E+00    1.202717E-01    2.615857E-07    7.238414E-06
     2460    2.4600E-05    1.082445E+00    1.202717E-01    2.615687E-07    7.238431E-06
     2470    2.4700E-05    1.082445E+00    1.202717E-01    2.615522E-07    7.238448E-06
     2480    2.4800E-05    1.082445E+00    1.202717E-01    2.615364E-07    7.238464E-06
     2490    2.4900E-05    1.082445E+00    1.202717E-01    2.615212E-07    7.238479E-06
     2500    2.5000E-05    1.082445E+00    1.202717E-01    2.615065E-07    7.238494E-06
     2510    2.5100E-05    1.082445E+00    1.202717E-01    2.614923E-07    7.238508E-06
     2520    2.5200E-05    1.082445E+00    1.202717E-01    2.614786E-07    7.238521E-06
     2530    2.5300E-05    1.082445E+00    1.202717E-01    2.614655E-07    7.238535E-06
     2540    2.5400E-05    1.082445E+00    1.202717E-01    2.614528E-07    7.238547E-06
     2550    2.5500E-05    1.082445E+00    1.202717E-01    2.614405E-07    7.238559E-06
     2560    2.5600E-05    1.082445E+00    1.202717E-01    2.614287E-07    7.238571E-06
     2570    2.5700E-05    1.082445E+00    1.202717E-01    2.614174E-07    7.238583E-06
     2580    2.5800E-05    1.082445E+00    1.202717E-01    2.614064E-07    7.238594E-06
     2590    2.5900E-05    1.082445E+00    1.202717E-01    2.613959E-07    7.238604E-06
     2600    2.6000E-05    1.082445E+00    1.202717E-01    2.613857E-07    7.238614E-06
     2610    2.6100E-05    1.082445E+00    1.202717E-01    2.613759E-07    7.238624E-06
     2620    2.6200E-05    1.082445E+00    1.202717E-01    2.613665E-07    7.238634E-06
     2630    2.6300E-05    1.082445E+00    1.202717E-01    2.613574E-07    7.238643E-06
     2640    2.6400E-05    1.082445E+00    1.202717E-01    2.613486E-07    7.238651E-06
     2650    2.6500E-05    1.082445E+00    1.202717E-01    2.613401E-07    7.238660E-06
     2660    2.6600E-05    1.082445E+00    1.202717E-01    2.613320E-07    7.238668E-06
     2670    2.6700E-05    1.082445E+00    1.202717E-01    2.613241E-07    7.238676E-06
     2680    2.6800E-05    1.082445E+00    1.202717E-01    2.613166E-07    7.238683E-06
     2690    2.6900E-05    1.082445E+00    1.202717E-01    2.613093E-07    7.238691E-06
     2700    2.7000E-05    1.082445E+00    1.202717E-01    2.613022E-07    7.238698E-06
     2710    2.7100E-05    1.082445E+00    1.202717E-01    2.612955E-07    7.238705E-06
     2720    2.7200E-05    1.082445E+00    1.202717E-01    2.612889E-07    7.238711E-06
     2730    2.7300E-05    1.082445E+00    1.202717E-01    2.612826E-07    7.238717E-06
     2740    2.7400E-05    1.082445E+00    1.202717E-01    2.612766E-07    7.238723E-06
     2750    2.7500E-05    1.082445E+00    1.202717E-01    2.612707E-07    7.238729E-06
     2760    2.7600E-05    1.082445E+00    1.202717E-01    2.612651E-07    7.238735E-06
     2770    2.7700E-05    1.082445E+00    1.202717E-01    2.612597E-07    7.238740E-06
     2780    2.7800E-05    1.082445E+00    1.202717E-01    2.612544E-07    7.238746E-06
     2790    2.7900E-05    1.082445E+00    1.202717E-01    2.612494E-07    7.238751E-06
     2800    2.8000E-05    1.082445E+00    1.202717E-01    2.612445E-07    7.238755E-06
     2810    2.8100E-05    1.082445E+00    1.202717E-01    2.612398E-07    7.238760E-06
     2820    2.8200E-05    1.082445E+00    1.202717E-01    2.612353E-07    7.238765E-06
     2830    2.8300E-05    1.082445E+00    1.202717E-01    2.612310E-07    7.238769E-06
     2840    2.8400E-05    1.082445E+00    1.202717E-01    2.612268E-07    7.238773E-06
     2850    2.8500E-05    1.082445E+00    1.202717E-01    2.612227E-07    7.238777E-06
     2860    2.8600E-05    1.082445E+00    1.202717E-01    2.612188E-07    7.238781E-06
     2870    2.8700E-05    1.082445E+00    1.202717E-01    2.612151E-07    7.238785E-06
     2880    2.8800E-05    1.082445E+00    1.202717E-01    2.612115E-07    7.238789E-06
     2890    2.8900E-05    1.082445E+00    1.202717E-01    2.612080E-07    7.238792E-06
     2900    2.9000E-05    1.082445E+00    1.202717E-01    2.612046E-07    7.238795E-06
     2910    2.9100E-05    1.082445E+00    1.202717E-01    2.612014E-07    7.238799E-06
     2920    2.9200E-05    1.082445E+00    1.202717E-01    2.611982E-07    7.238802E-06
     2930    2.9300E-05    1.082445E+00    1.202717E-01    2.611952E-07    7.238805E-06
     2940    2.9400E-05    1.082445E+00    1.202717E-01    2.611923E-07    7.238808E-06
     2950    2.9500E-05    1.082445E+00    1.202717E-01    2.611895E-07    7.238810E-06
     2960    2.9600E-05    1.082445E+00    1.202717E-01    2.611868E-07    7.238813E-06
     2970    2.9700E-05    1.082445E+00    1.202717E-01    2.611843E-07    7.238816E-06
     2980    2.9800E-05    1.082445E+00    1.202717E-01    2.611817E-07    7.238818E-06
     2990    2.9900E-05    1.082445E+00    1.202717E-01    2.611793E-07    7.238821E-06
     3000    3.0000E-05    1.082445E+00    1.202717E-01    2.611770E-07    7.238823E-06
     3010    3.0100E-05    1.082445E+00    1.202717E-01    2.611748E-07    7.238825E-06
     3020    3.0200E-05    1.082445E+00    1.202717E-01    2.611726E-07    7.238827E-06
     3030    3.0300E-05    1.082445E+00    1.202717E-01    2.611705E-07    7.238829E-06
     3040    3.0400E-05    1.082445E+00    1.202717E-01    2.611685E-07    7.238831E-06
     3050    3.0500E-05    1.082445E+00    1.202717E-01    2.611666E-07    7.238833E-06
     3060    3.0600E-05    1.082445E+00    1.202717E-01    2.611647E-07    7.238835E-06
     3070    3.0700E-05    1.082445E+00    1.202717E-01    2.611629E-07    7.238837E-06
     3080    3.0800E-05    1.082445E+00    1.202717E-01    2.611612E-07    7.238839E-06
     3090    3.0900E-05    1.082445E+00    1.202717E-01    2.611595E-07    7.238840E-06
     3100    3.1000E-05    1.082445E+00    1.202717E-01    2.611579E-07    7.238842E-06
     3110    3.1100E-05    1.082445E+00    1.202717E-01    2.611564E-07    7.238844E-06
     3120    3.1200E-05    1.082445E+00    1.202717E-01    2.611549E-07    7.238845E-06
     3130    3.1300E-05    1.082445E+00    1.202717E-01    2.611534E-07    7.238847E-06
     3140    3.1400E-05    1.082445E+00    1.202717E-01    2.611521E-07    7.238848E-06
     3150    3.1500E-05    1.082445E+00    1.202717E-01    2.611507E-07    7.238849E-06
     3160    3.1600E-05    1.082445E+00    1.202717E-01    2.611494E-07    7.238851E-06
     3170    3.1700E-05    1.082445E+00    1.202717E-01    2.611482E-07    7.238852E-06
     3180    3.1800E-05    1.082445E+00    1.202717E-01    2.611470E-07    7.238853E-06
     3190    3.1900E-05    1.082445E+00    1.202717E-01    2.611458E-07    7.238854E-06
     3200    3.2000E-05    1.082445E+00    1.202717E-01    2.611447E-07    7.238855E-06
     3210    3.2100E-05    1.082445E+00    1.202717E-01    2.611437E-07    7.238856E-06
     3220    3.2200E-05    1.082445E+00    1.202717E-01    2.611426E-07    7.238857E-06
     3230    3.2300E-05    1.082445E+00    1.202717E-01    2.611416E-07    7.238858E-06
     3240    3.2400E-05    1.082445E+00    1.202717E-01    2.611407E-07    7.238859E-06
     3250    3.2500E-05    1.082445E+00    1.202717E-01    2.611398E-07    7.238860E-06
     3260    3.2600E-05    1.082445E+00    1.202717E-01    2.611389E-07    7.238861E-06
     3270    3.2700E-05    1.082445E+00    1.202717E-01    2.611380E-07    7.238862E-06
     3280    3.2800E-05    1.082445E+00    1.202717E-01    2.611372E-07    7.238863E-06
     3290    3.2900E-05    1.082445E+00    1.202717E-01    2.611364E-07    7.238864E-06
     3300    3.3000E-05    1.082445E+00    1.202717E-01    2.611356E-07    7.238864E-06
     3310    3.3100E-05    1.082445E+00    1.202717E-01    2.611349E-07    7.238865E-06
     3320    3.3200E-05    1.082445E+00    1.202717E-01    2.611342E-07    7.238866E-06
     3330    3.3300E-05    1.082445E+00    1.202717E-01    2.611335E-07    7.238867E-06
     3340    3.3400E-05    1.082445E+00    1.202717E-01    2.611328E-07    7.238867E-06
     3350    3.3500E-05    1.082445E+00    1.202717E-01    2.611322E-07    7.238868E-06
     3360    3.3600E-05    1.082445E+00    1.202717E-01    2.611315E-07    7.238868E-06
     3370    3.3700E-05    1.082445E+00    1.202717E-01    2.611310E-07    7.238869E-06
     3380    3.3800E-05    1.082445E+00    1.202717E-01    2.611304E-07    7.238870E-06
     3390    3.3900E-05    1.082445E+00    1.202717E-01    2.611298E-07    7.238870E-06
     3400    3.4000E-05    1.082445E+00    1.202717E-01    2.611293E-07    7.238871E-06
     3410    3.4100E-05    1.082445E+00    1.202717E-01    2.611288E-07    7.238871E-06
     3420    3.4200E-05    1.082445E+00    1.202717E-01    2.611283E-07    7.238872E-06
     3430    3.4300E-05    1.082445E+00    1.202717E-01    2.611278E-07    7.238872E-06
     3440    3.4400E-05    1.082445E+00    1.202717E-01    2.611274E-07    7.238873E-06
     3450    3.4500E-05    1.082445E+00    1.202717E-01    2.611269E-07    7.238873E-06
     3460    3.4600E-05    1.082445E+00    1.202717E-01    2.611265E-07    7.238874E-06
     3470    3.4700E-05    1.082445E+00    1.202717E-01    2.611261E-07    7.238874E-06
     3480    3.4800E-05    1.082445E+00    1.202717E-01    2.611257E-07    7.238874E-06
     3490    3.4900E-05    1.082445E+00    1.202717E-01    2.611253E-07    7.238875E-06
     3500    3.5000E-05    1.082445E+00    1.202717E-01    2.611249E-07    7.238875E-06
     3510    3.5100E-05    1.082445E+00    1.202717E-01    2.611246E-07    7.238875E-06
     3520    3.5200E-05    1.082445E+00    1.202717E-01    2.611242E-07    7.238876E-06
     3530    3.5300E-05    1.082445E+00    1.202717E-01    2.611239E-07    7.238876E-06
     3540    3.5400E-05    1.082445E+00    1.202717E-01    2.611236E-07    7.238876E-06
     3550    3.5500E-05    1.082445E+00    1.202717E-01    2.611233E-07    7.238877E-06
     3560    3.5600E-05    1.082445E+00    1.202717E-01    2.611230E-07    7.238877E-06
     3570    3.5700E-05    1.082445E+00    1.202717E-01    2.611227E-07    7.238877E-06
     3580    3.5800E-05    1.082445E+00    1.202717E-01    2.611224E-07    7.238878E-06
     3590    3.5900E-05    1.082445E+00    1.202717E-01    2.611222E-07    7.238878E-06
     3600    3.6000E-05    1.082445E+00    1.202717E-01    2.611219E-07    7.238878E-06
     3610    3.6100E-05    1.082445E+00    1.202717E-01    2.611217E-07    7.238878E-06
     3620    3.6200E-05    1.082445E+00    1.202717E-01    2.611214E-07    7.238879E-06
     3630    3.6300E-05    1.082445E+00    1.202717E-01    2.611212E-07    7.238879E-06
     3640    3.6400E-05    1.082445E+00    1.202717E-01    2.611210E-07    7.238879E-06
     3650    3.6500E-05    1.082445E+00    1.202717E-01    2.611208E-07    7.238879E-06
     3660    3.6600E-05    1.082445E+00    1.202717E-01    2.611206E-07    7.238879E-06
     3670    3.6700E-05    1.082445E+00    1.202717E-01    2.611204E-07    7.238880E-06
     3680    3.6800E-05    1.082445E+00    1.202717E-01    2.611202E-07    7.238880E-06
     3690    3.6900E-05    1.082445E+00    1.202717E-01    2.611200E-07    7.238880E-06
     3700    3.7000E-05    1.082445E+00    1.202717E-01    2.611198E-07    7.238880E-06
     3710    3.7100E-05    1.082445E+00    1.202717E-01    2.611197E-07    7.238880E-06
     3720    3.7200E-05    1.082445E+00    1.202717E-01    2.611195E-07    7.238880E-06
     3730    3.7300E-05    1.082445E+00    1.202717E-01    2.611193E-07    7.238881E-06
     3740    3.7400E-05    1.082445E+00    1.202717E-01    2.611192E-07    7.238881E-06
     3750    3.7500E-05    1.082445E+00    1.202717E-01    2.611190E-07    7.238881E-06
     3760    3.7600E-05    1.082445E+00    1.202717E-01    2.611189E-07    7.238881E-06
     3770    3.7700E-05    1.082445E+00    1.202717E-01    2.611188E-07    7.238881E-06
     3780    3.7800E-05    1.082445E+00    1.202717E-01    2.611186E-07    7.238881E-06
     3790    3.7900E-05    1.082445E+00    1.202717E-01    2.611185E-07    7.238881E-06
     3800    3.8000E-05    1.082445E+00    1.202717E-01    2.611184E-07    7.238882E-06
     3810    3.8100E-05    1.082445E+00    1.202717E-01    2.611183E-07    7.238882E-06
     3820    3.8200E-05    1.082445E+00    1.202717E-01    2.611182E-07    7.238882E-06
     3830    3.8300E-05    1.082445E+00    1.202717E-01    2.611181E-07    7.238882E-06
     3840    3.8400E-05    1.082445E+00    1.202717E-01    2.611179E-07    7.238882E-06
     3850    3.8500E-05    1.082445E+00    1.202717E-01    2.611178E-07    7.238882E-06
     3860    3.8600E-05    1.082445E+00    1.202717E-01    2.611178E-07    7.238882E-06
     3870    3.8700E-05    1.082445E+00    1.202717E-01    2.611177E-07    7.238882E-06
     3880    3.8800E-05    1.082445E+00    1.202717E-01    2.611176E-07    7.238882E-06
     3890    3.8900E-05    1.082445E+00    1.202717E-01    2.611175E-07    7.238883E-06
     3900    3.9000E-05    1.082445E+00    1.202717E-01    2.611174E-07    7.238883E-06
     3910    3.9100E-05    1.082445E+00    1.202717E-01    2.611173E-07    7.238883E-06
     3920    3.9200E-05    1.082445E+00    1.202717E-01    2.611172E-07    7.238883E-06
     3930    3.9300E-05    1.082445E+00    1.202717E-01    2.611172E-07    7.238883E-06
     3940    3.9400E-05    1.082445E+00    1.202717E-01    2.611171E-07    7.238883E-06
     3950    3.9500E-05    1.082445E+00    1.202717E-01    2.611170E-07    7.238883E-06
     3960    3.9600E-05    1.082445E+00    1.202717E-01    2.611170E-07    7.238883E-06
     3970    3.9700E-05    1.082445E+00    1.202717E-01    2.611169E-07    7.238883E-06
     3980    3.9800E-05    1.082445E+00    1.202717E-01    2.611168E-07    7.238883E-06
     3990    3.9900E-05    1.082445E+00    1.202717E-01    2.611168E-07    7.238883E-06
     4000    4.0000E-05    1.082445E+00    1.202717E-01    2.611167E-07    7.238883E-06
     4010    4.0100E-05    1.082445E+00    1.202717E-01    2.611167E-07    7.238883E-06
     4020    4.0200E-05    1.082445E+00    1.202717E-01    2.611166E-07    7.238883E-06
     4030    4.0300E-05    1.082445E+00    1.202717E-01    2.611165E-07    7.238883E-06
     4040    4.0400E-05    1.082445E+00    1.202717E-01    2.611165E-07    7.238884E-06
     4050    4.0500E-05    1.082445E+00    1.202717E-01    2.611164E-07    7.238884E-06
     4060    4.0600E-05    1.082445E+00    1.202717E-01    2.611164E-07    7.238884E-06
     4070    4.0700E-05    1.082445E+00    1.202717E-01    2.611164E-07    7.238884E-06
     4080    4.0800E-05    1.082445E+00    1.202717E-01    2.611163E-07    7.238884E-06
     4090    4.0900E-05    1.082445E+00    1.202717E-01    2.611163E-07    7.238884E-06
     4100    4.1000E-05    1.082445E+00    1.202717E-01    2.611162E-07    7.238884E-06
     4110    4.1100E-05    1.082445E+00    1.202717E-01    2.611162E-07    7.238884E-06
     4120    4.1200E-05    1.082445E+00    1.202717E-01    2.611162E-07    7.238884E-06
     4130    4.1300E-05    1.082445E+00    1.202717E-01    2.611161E-07    7.238884E-06
     4140    4.1400E-05    1.082445E+00    1.202717E-01    2.611161E-07    7.238884E-06
     4150    4.1500E-05    1.082445E+00    1.202717E-01    2.611160E-07    7.238884E-06
     4160    4.1600E-05    1.082445E+00    1.202717E-01    2.611160E-07    7.238884E-06
     4170    4.1700E-05    1.082445E+00    1.202717E-01    2.611160E-07    7.238884E-06
     4180    4.1800E-05    1.082445E+00    1.202717E-01    2.611160E-07    7.238884E-06
     4190    4.1900E-05    1.082445E+00    1.202717E-01    2.611159E-07    7.238884E-06
     4200    4.2000E-05    1.082445E+00    1.202717E-01    2.611159E-07    7.238884E-06
     4210    4.2100E-05    1.082445E+00    1.202717E-01    2.611159E-07    7.238884E-06
     4220    4.2200E-05    1.082445E+00    1.202717E-01    2.611158E-07    7.238884E-06
     4230    4.2300E-05    1.082445E+00    1.202717E-01    2.611158E-07    7.238884E-06
     4240    4.2400E-05    1.082445E+00    1.202717E-01    2.611158E-07    7.238884E-06
     4250    4.2500E-05    1.082445E+00    1.202717E-01    2.611158E-07    7.238884E-06
     4260    4.2600E-05    1.082445E+00    1.202717E-01    2.611158E-07    7.238884E-06
     4270    4.2700E-05    1.082445E+00    1.202717E-01    2.611157E-07    7.238884E-06
     4280    4.2800E-05    1.082445E+00    1.202717E-01    2.611157E-07    7.238884E-06
     4290    4.2900E-05    1.082445E+00    1.202717E-01    2.611157E-07    7.238884E-06
     4300    4.3000E-05    1.082445E+00    1.202717E-01    2.611157E-07    7.238884E-06
     4310    4.3100E-05    1.082445E+00    1.202717E-01    2.611157E-07    7.238884E-06
     4320    4.3200E-05    1.082445E+00    1.202717E-01    2.611156E-07    7.238884E-06
     4330    4.3300E-05    1.082445E+00    1.202717E-01    2.611156E-07    7.238884E-06
     4340    4.3400E-05    1.082445E+00    1.202717E-01    2.611156E-07    7.238884E-06
     4350    4.3500E-05    1.082445E+00    1.202717E-01    2.611156E-07    7.238884E-06
     4360    4.3600E-05    1.082445E+00    1.202717E-01    2.611156E-07    7.238884E-06
     4370    4.3700E-05    1.082445E+00    1.202717E-01    2.611156E-07    7.238884E-06
     4380    4.3800E-05    1.082445E+00    1.202717E-01    2.611155E-07    7.238884E-06
     4390    4.3900E-05    1.082445E+00    1.202717E-01    2.611155E-07    7.238884E-06
     4400    4.4000E-05    1.082445E+00    1.202717E-01    2.611155E-07    7.238884E-06
     4410    4.4100E-05    1.082445E+00    1.202717E-01    2.611155E-07    7.238884E-06
     4420    4.4200E-05    1.082445E+00    1.202717E-01    2.611155E-07    7.238885E-06
     4430    4.4300E-05    1.082445E+00    1.202717E-01    2.611155E-07    7.238885E-06
     4440    4.4400E-05    1.082445E+00    1.202717E-01    2.611155E-07    7.238885E-06
     4450    4.4500E-05    1.082445E+00    1.202717E-01    2.611155E-07    7.238885E-06
     4460    4.4600E-05    1.082445E+00    1.202717E-01    2.611154E-07    7.238885E-06
     4470    4.4700E-05    1.082445E+00    1.202717E-01    2.611154E-07    7.238885E-06
     4480    4.4800E-05    1.082445E+00    1.202717E-01    2.611154E-07    7.238885E-06
     4490    4.4900E-05    1.082445E+00    1.202717E-01    2.611154E-07    7.238885E-06
     4500    4.5000E-05    1.082445E+00    1.202717E-01    2.611154E-07    7.238885E-06
     4510    4.5100E-05    1.082445E+00    1.202717E-01    2.611154E-07    7.238885E-06
     4520    4.5200E-05    1.082445E+00    1.202717E-01    2.611154E-07    7.238885E-06
     4530    4.5300E-05    1.082445E+00    1.202717E-01    2.611154E-07    7.238885E-06
     4540    4.5400E-05    1.082445E+00    1.202717E-01    2.611154E-07    7.238885E-06
     4550    4.5500E-05    1.082445E+00    1.202717E-01    2.611154E-07    7.238885E-06
     4560    4.5600E-05    1.082445E+00    1.202717E-01    2.611154E-07    7.238885E-06
     4570    4.5700E-05    1.082445E+00    1.202717E-01    2.611153E-07    7.238885E-06
     4580    4.5800E-05    1.082445E+00    1.202717E-01    2.611153E-07    7.238885E-06
     4590    4.5900E-05    1.082445E+00    1.202717E-01    2.611153E-07    7.238885E-06
     4600    4.6000E-05    1.082445E+00    1.202717E-01    2.611153E-07    7.238885E-06
     4610    4.6100E-05    1.082445E+00    1.202717E-01    2.611153E-07    7.238885E-06
     4620    4.6200E-05    1.082445E+00    1.202717E-01    2.611153E-07    7.238885E-06
     4630    4.6300E-05    1.082445E+00    1.202717E-01    2.611153E-07    7.238885E-06
     4640    4.6400E-05    1.082445E+00    1.202717E-01    2.611153E-07    7.238885E-06
     4650    4.6500E-05    1.082445E+00    1.202717E-01    2.611153E-07    7.238885E-06
     4660    4.6600E-05    1.082445E+00    1.202717E-01    2.611153E-07    7.238885E-06
     4670    4.6700E-05    1.082445E+00    1.202717E-01    2.611153E-07    7.238885E-06
     4680    4.6800E-05    1.082445E+00    1.202717E-01    2.611153E-07    7.238885E-06
     4690    4.6900E-05    1.082445E+00    1.202717E-01    2.611153E-07    7.238885E-06
     4700    4.7000E-05    1.082445E+00    1.202717E-01    2.611153E-07    7.238885E-06
     4710    4.7100E-05    1.082445E+00    1.202717E-01    2.611153E-07    7.238885E-06
     4720    4.7200E-05    1.082445E+00    1.202717E-01    2.611153E-07    7.238885E-06
     4730    4.7300E-05    1.082445E+00    1.202717E-01    2.611153E-07    7.238885E-06
     4740    4.7400E-05    1.082445E+00    1.202717E-01    2.611153E-07    7.238885E-06
     4750    4.7500E-05    1.082445E+00    1.202717E-01    2.611153E-07    7.238885E-06
     4760    4.7600E-05    1.082445E+00    1.202717E-01    2.611153E-07    7.238885E-06
     4770    4.7700E-05    1.082445E+00    1.202717E-01    2.611153E-07    7.238885E-06
     4780    4.7800E-05    1.082445E+00    1.202717E-01    2.611152E-07    7.238885E-06
     4790    4.7900E-05    1.082445E+00    1.202717E-01    2.611152E-07    7.238885E-06
     4800    4.8000E-05    1.082445E+00    1.202717E-01    2.611152E-07    7.238885E-06
     4810    4.8100E-05    1.082445E+00    1.202717E-01    2.611152E-07    7.238885E-06
     4820    4.8200E-05    1.082445E+00    1.202717E-01    2.611152E-07    7.238885E-06
     4830    4.8300E-05    1.082445E+00    1.202717E-01    2.611152E-07    7.238885E-06
     4840    4.8400E-05    1.082445E+00    1.202717E-01    2.611152E-07    7.238885E-06
     4850    4.8500E-05    1.082445E+00    1.202717E-01    2.611152E-07    7.238885E-06
     4860    4.8600E-05    1.082445E+00    1.202717E-01    2.611152E-07    7.238885E-06
     4870    4.8700E-05    1.082445E+00    1.202717E-01    2.611152E-07    7.238885E-06
     4880    4.8800E-05    1.082445E+00    1.202717E-01    2.611152E-07    7.238885E-06
     4890    4.8900E-05    1.082445E+00    1.202717E-01    2.611152E-07    7.238885E-06
     4900    4.9000E-05    1.082445E+00    1.202717E-01    2.611152E-07    7.238885E-06
     4910    4.9100E-05    1.082445E+00    1.202717E-01    2.611152E-07    7.238885E-06
     4920    4.9200E-05    1.082445E+00    1.202717E-01    2.611152E-07    7.238885E-06
     4930    4.9300E-05    1.082445E+00    1.202717E-01    2.611152E-07    7.238885E-06
     4940    4.9400E-05    1.082445E+00    1.202717E-01    2.611152E-07    7.238885E-06
     4950    4.9500E-05    1.082445E+00    1.202717E-01    2.611152E-07    7.238885E-06
     4960    4.9600E-05    1.082445E+00    1.202717E-01    2.611152E-07    7.238885E-06
     4970    4.9700E-05    1.082445E+00    1.202717E-01    2.611152E-07    7.238885E-06
     4980    4.9800E-05    1.082445E+00    1.202717E-01    2.611152E-07    7.238885E-06
     4990    4.9900E-05    1.082445E+00    1.202717E-01    2.611152E-07    7.238885E-06
     5000    5.0000E-05    1.082445E+00    1.202717E-01    2.611152E-07    7.238885E-06
     5010    5.0100E-05    1.082445E+00    1.202717E-01    2.611152E-07    7.238885E-06
     5020    5.0200E-05    1.082445E+00    1.202717E-01    2.611152E-07    7.238885E-06
     5030    5.0300E-05    1.082445E+00    1.202717E-01    2.611152E-07    7.238885E-06
     5040    5.0400E-05    1.082445E+00    1.202717E-01    2.611152E-07    7.238885E-06
     5050    5.0500E-05    1.082445E+00    1.202717E-01    2.611152E-07    7.238885E-06
     5060    5.0600E-05    1.082445E+00    1.202717E-01    2.611152E-07    7.238885E-06
     5070    5.0700E-05    1.082445E+00    1.202717E-01    2.611152E-07    7.238885E-06
     5080    5.0800E-05    1.082445E+00    1.202717E-01    2.611152E-07    7.238885E-06
     5090    5.0900E-05    1.082445E+00    1.202717E-01    2.611152E-07    7.238885E-06
     5100    5.1000E-05    1.082445E+00    1.202717E-01    2.611152E-07    7.238885E-06
     5110    5.1100E-05    1.082445E+00    1.202717E-01    2.611152E-07    7.238885E-06
     5120    5.1200E-05    1.082445E+00    1.202717E-01    2.611152E-07    7.238885E-06
     5130    5.1300E-05    1.082445E+00    1.202717E-01    2.611152E-07    7.238885E-06
     5140    5.1400E-05    1.082445E+00    1.202717E-01    2.611152E-07    7.238885E-06
     5150    5.1500E-05    1.082445E+00    1.202717E-01    2.611152E-07    7.238885E-06
     5160    5.1600E-05    1.082445E+00    1.202717E-01    2.611152E-07    7.238885E-06
     5170    5.1700E-05    1.082445E+00    1.202717E-01    2.611152E-07    7.238885E-06
     5180    5.1800E-05    1.082445E+00    1.202717E-01    2.611152E-07    7.238885E-06
     5190    5.1900E-05    1.082445E+00    1.202717E-01    2.611152E-07    7.238885E-06
     5200    5.2000E-05    1.082445E+00    1.202717E-01    2.611152E-07    7.238885E-06
     5210    5.2100E-05    1.082445E+00    1.202717E-01    2.611152E-07    7.238885E-06
     5220    5.2200E-05    1.082445E+00    1.202717E-01    2.611152E-07    7.238885E-06
     5230    5.2300E-05    1.082445E+00    1.202717E-01    2.611152E-07    7.238885E-06
     5240    5.2400E-05    1.082445E+00    1.202717E-01    2.611152E-07    7.238885E-06
     5250    5.2500E-05    1.082445E+00    1.202717E-01    2.611152E-07    7.238885E-06
     5260    5.2600E-05    1.082445E+00    1.202717E-01    2.611152E-07    7.238885E-06
     5270    5.2700E-05    1.082445E+00    1.202717E-01    2.611152E-07    7.238885E-06
     5280    5.2800E-05    1.082445E+00    1.202717E-01    2.611152E-07    7.238885E-06
     5290    5.2900E-05    1.082445E+00    1.202717E-01    2.611152E-07    7.238885E-06
     5300    5.3000E-05    1.082445E+00    1.202717E-01    2.611152E-07    7.238885E-06
     5310    5.3100E-05    1.082445E+00    1.202717E-01    2.611152E-07    7.238885E-06
     5320    5.3200E-05    1.082445E+00    1.202717E-01    2.611152E-07    7.238885E-06
     5330    5.3300E-05    1.082445E+00    1.202717E-01    2.611152E-07    7.238885E-06
     5340    5.3400E-05    1.082445E+00    1.202717E-01    2.611152E-07    7.238885E-06
     5350    5.3500E-05    1.082445E+00    1.202717E-01    2.611152E-07    7.238885E-06
     5360    5.3600E-05    1.082445E+00    1.202717E-01    2.611152E-07    7.238885E-06
     5370    5.3700E-05    1.082445E+00    1.202717E-01    2.611152E-07    7.238885E-06
     5380    5.3800E-05    1.082445E+00    1.202717E-01    2.611152E-07    7.238885E-06
     5390    5.3900E-05    1.082445E+00    1.202717E-01    2.611152E-07    7.238885E-06
     5400    5.4000E-05    1.082445E+00    1.202717E-01    2.611152E-07    7.238885E-06
     5410    5.4100E-05    1.082445E+00    1.202717E-01    2.611152E-07    7.238885E-06
     5420    5.4200E-05    1.082445E+00    1.202717E-01    2.611152E-07    7.238885E-06
     5430    5.4300E-05    1.082445E+00    1.202717E-01    2.611152E-07    7.238885E-06
     5440    5.4400E-05    1.082445E+00    1.202717E-01    2.611152E-07    7.238885E-06
     5450    5.4500E-05    1.082445E+00    1.202717E-01    2.611152E-07    7.238885E-06
     5460    5.4600E-05    1.082445E+00    1.202717E-01    2.611152E-07    7.238885E-06
     5470    5.4700E-05    1.082445E+00    1.202717E-01    2.611152E-07    7.238885E-06
     5480    5.4800E-05    1.082445E+00    1.202717E-01    2.611152E-07    7.238885E-06
     5490    5.4900E-05    1.082445E+00    1.202717E-01    2.611152E-07    7.238885E-06
     5500    5.5000E-05    1.082445E+00    1.202717E-01    2.611152E-07    7.238885E-06
     5510    5.5100E-05    1.082445E+00    1.202717E-01    2.611152E-07    7.238885E-06
     5520    5.5200E-05    1.082445E+00    1.202717E-01    2.611152E-07    7.238885E-06
     5530    5.5300E-05    1.082445E+00    1.202717E-01    2.611152E-07    7.238885E-06
     5540    5.5400E-05    1.082445E+00    1.202717E-01    2.611152E-07    7.238885E-06
     5550    5.5500E-05    1.082445E+00    1.202717E-01    2.611152E-07    7.238885E-06
     5560    5.5600E-05    1.082445E+00    1.202717E-01    2.611152E-07    7.238885E-06
     5570    5.5700E-05    1.082445E+00    1.202717E-01    2.611152E-07    7.238885E-06
     5580    5.5800E-05    1.082445E+00    1.202717E-01    2.611152E-07    7.238885E-06
     5590    5.5900E-05    1.082445E+00    1.202717E-01    2.611152E-07    7.238885E-06
     5600    5.6000E-05    1.082445E+00    1.202717E-01    2.611152E-07    7.238885E-06
     5610    5.6100E-05    1.082445E+00    1.202717E-01    2.611152E-07    7.238885E-06
     5620    5.6200E-05    1.082445E+00    1.202717E-01    2.611152E-07    7.238885E-06
     5630    5.6300E-05    1.082445E+00    1.202717E-01    2.611152E-07    7.238885E-06
     5640    5.6400E-05    1.082445E+00    1.202717E-01    2.611152E-07    7.238885E-06
     5650    5.6500E-05    1.082445E+00    1.202717E-01    2.611152E-07    7.238885E-06
     5660    5.6600E-05    1.082445E+00    1.202717E-01    2.611152E-07    7.238885E-06
     5670    5.6700E-05    1.082445E+00    1.202717E-01    2.611152E-07    7.238885E-06
     5680    5.6800E-05    1.082445E+00    1.202717E-01    2.611152E-07    7.238885E-06
     5690    5.6900E-05    1.082445E+00    1.202717E-01    2.611152E-07    7.238885E-06
     5700    5.7000E-05    1.082445E+00    1.202717E-01    2.611152E-07    7.238885E-06
     5710    5.7100E-05    1.082445E+00    1.202717E-01    2.611152E-07    7.238885E-06
     5720    5.7200E-05    1.082445E+00    1.202717E-01    2.611152E-07    7.238885E-06
     5730    5.7300E-05    1.082445E+00    1.202717E-01    2.611152E-07    7.238885E-06
     5740    5.7400E-05    1.082445E+00    1.202717E-01    2.611152E-07    7.238885E-06
     5750    5.7500E-05    1.082445E+00    1.202717E-01    2.611152E-07    7.238885E-06
     5760    5.7600E-05    1.082445E+00    1.202717E-01    2.611152E-07    7.238885E-06
     5770    5.7700E-05    1.082445E+00    1.202717E-01    2.611152E-07    7.238885E-06
     5780    5.7800E-05    1.082445E+00    1.202717E-01    2.611152E-07    7.238885E-06
     5790    5.7900E-05    1.082445E+00    1.202717E-01    2.611152E-07    7.238885E-06
     5800    5.8000E-05    1.082445E+00    1.202717E-01    2.611152E-07    7.238885E-06
     5810    5.8100E-05    1.082445E+00    1.202717E-01    2.611152E-07    7.238885E-06
     5820    5.8200E-05    1.082445E+00    1.202717E-01    2.611152E-07    7.238885E-06
     5830    5.8300E-05    1.082445E+00    1.202717E-01    2.611152E-07    7.238885E-06
     5840    5.8400E-05    1.082445E+00    1.202717E-01    2.611152E-07    7.238885E-06
     5850    5.8500E-05    1.082445E+00    1.202717E-01    2.611152E-07    7.238885E-06
     5860    5.8600E-05    1.082445E+00    1.202717E-01    2.611152E-07    7.238885E-06
     5870    5.8700E-05    1.082445E+00    1.202717E-01    2.611152E-07    7.238885E-06
     5880    5.8800E-05    1.082445E+00    1.202717E-01    2.611152E-07    7.238885E-06
     5890    5.8900E-05    1.082445E+00    1.202717E-01    2.611152E-07    7.238885E-06
     5900    5.9000E-05    1.082445E+00    1.202717E-01    2.611152E-07    7.238885E-06
     5910    5.9100E-05    1.082445E+00    1.202717E-01    2.611152E-07    7.238885E-06
     5920    5.9200E-05    1.082445E+00    1.202717E-01    2.611152E-07    7.238885E-06
     5930    5.9300E-05    1.082445E+00    1.202717E-01    2.611152E-07    7.238885E-06
     5940    5.9400E-05    1.082445E+00    1.202717E-01    2.611152E-07    7.238885E-06
     5950    5.9500E-05    1.082445E+00    1.202717E-01    2.611152E-07    7.238885E-06
     5960    5.9600E-05    1.082445E+00    1.202717E-01    2.611152E-07    7.238885E-06
     5970    5.9700E-05    1.082445E+00    1.202717E-01    2.611152E-07    7.238885E-06
     5980    5.9800E-05    1.082445E+00    1.202717E-01    2.611152E-07    7.238885E-06
     5990    5.9900E-05    1.082445E+00    1.202717E-01    2.611152E-07    7.238885E-06
     6000    6.0000E-05    1.082445E+00    1.202717E-01    2.611152E-07    7.238885E-06
     6010    6.0100E-05    1.082445E+00    1.202717E-01    2.611152E-07    7.238885E-06
     6020    6.0200E-05    1.082445E+00    1.202717E-01    2.611152E-07    7.238885E-06
     6030    6.0300E-05    1.082445E+00    1.202717E-01    2.611152E-07    7.238885E-06
     6040    6.0400E-05    1.082445E+00    1.202717E-01    2.611152E-07    7.238885E-06
     6050    6.0500E-05    1.082445E+00    1.202717E-01    2.611152E-07    7.238885E-06
     6060    6.0600E-05    1.082445E+00    1.202717E-01    2.611152E-07    7.238885E-06
     6070    6.0700E-05    1.082445E+00    1.202717E-01    2.611152E-07    7.238885E-06
     6080    6.0800E-05    1.082445E+00    1.202717E-01    2.611152E-07    7.238885E-06
     6090    6.0900E-05    1.082445E+00    1.202717E-01    2.611152E-07    7.238885E-06
     6100    6.1000E-05    1.082445E+00    1.202717E-01    2.611152E-07    7.238885E-06
     6110    6.1100E-05    1.082445E+00    1.202717E-01    2.611152E-07    7.238885E-06
     6120    6.1200E-05    1.082445E+00    1.202717E-01    2.611152E-07    7.238885E-06
     6130    6.1300E-05    1.082445E+00    1.202717E-01    2.611152E-07    7.238885E-06
     6140    6.1400E-05    1.082445E+00    1.202717E-01    2.611152E-07    7.238885E-06
     6150    6.1500E-05    1.082445E+00    1.202717E-01    2.611152E-07    7.238885E-06
     6160    6.1600E-05    1.082445E+00    1.202717E-01    2.611152E-07    7.238885E-06
     6170    6.1700E-05    1.082445E+00    1.202717E-01    2.611152E-07    7.238885E-06
     6180    6.1800E-05    1.082445E+00    1.202717E-01    2.611152E-07    7.238885E-06
     6190    6.1900E-05    1.082445E+00    1.202717E-01    2.611152E-07    7.238885E-06
     6200    6.2000E-05    1.082445E+00    1.202717E-01    2.611152E-07    7.238885E-06
     6210    6.2100E-05    1.082445E+00    1.202717E-01    2.611152E-07    7.238885E-06
     6220    6.2200E-05    1.082445E+00    1.202717E-01    2.611152E-07    7.238885E-06
     6230    6.2300E-05    1.082445E+00    1.202717E-01    2.611152E-07    7.238885E-06
     6240    6.2400E-05    1.082445E+00    1.202717E-01    2.611152E-07    7.238885E-06
     6250    6.2500E-05    1.082445E+00    1.202717E-01    2.611152E-07    7.238885E-06
     6260    6.2600E-05    1.082445E+00    1.202717E-01    2.611152E-07    7.238885E-06
     6270    6.2700E-05    1.082445E+00    1.202717E-01    2.611152E-07    7.238885E-06
     6280    6.2800E-05    1.082445E+00    1.202717E-01    2.611152E-07    7.238885E-06
     6290    6.2900E-05    1.082445E+00    1.202717E-01    2.611152E-07    7.238885E-06
     6300    6.3000E-05    1.082445E+00    1.202717E-01    2.611152E-07    7.238885E-06
     6310    6.3100E-05    1.082445E+00    1.202717E-01    2.611152E-07    7.238885E-06
     6320    6.3200E-05    1.082445E+00    1.202717E-01    2.611152E-07    7.238885E-06
     6330    6.3300E-05    1.082445E+00    1.202717E-01    2.611152E-07    7.238885E-06
     6340    6.3400E-05    1.082445E+00    1.202717E-01    2.611152E-07    7.238885E-06
     6350    6.3500E-05    1.082445E+00    1.202717E-01    2.611152E-07    7.238885E-06
     6360    6.3600E-05    1.082445E+00    1.202717E-01    2.611152E-07    7.238885E-06
     6370    6.3700E-05    1.082445E+00    1.202717E-01    2.611152E-07    7.238885E-06
     6380    6.3800E-05    1.082445E+00    1.202717E-01    2.611152E-07    7.238885E-06
     6390    6.3900E-05    1.082445E+00    1.202717E-01    2.611152E-07    7.238885E-06
     6400    6.4000E-05    1.082445E+00    1.202717E-01    2.611152E-07    7.238885E-06
     6410    6.4100E-05    1.082445E+00    1.202717E-01    2.611152E-07    7.238885E-06
     6420    6.4200E-05    1.082445E+00    1.202717E-01    2.611152E-07    7.238885E-06
     6430    6.4300E-05    1.082445E+00    1.202717E-01    2.611152E-07    7.238885E-06
     6440    6.4400E-05    1.082445E+00    1.202717E-01    2.611152E-07    7.238885E-06
     6450    6.4500E-05    1.082445E+00    1.202717E-01    2.611152E-07    7.238885E-06
     6460    6.4600E-05    1.082445E+00    1.202717E-01    2.611152E-07    7.238885E-06
     6470    6.4700E-05    1.082445E+00    1.202717E-01    2.611152E-07    7.238885E-06
     6480    6.4800E-05    1.082445E+00    1.202717E-01    2.611152E-07    7.238885E-06
     6490    6.4900E-05    1.082445E+00    1.202717E-01    2.611152E-07    7.238885E-06
     6500    6.5000E-05    1.082445E+00    1.202717E-01    2.611152E-07    7.238885E-06
     6510    6.5100E-05    1.082445E+00    1.202717E-01    2.611152E-07    7.238885E-06
     6520    6.5200E-05    1.082445E+00    1.202717E-01    2.611152E-07    7.238885E-06
     6530    6.5300E-05    1.082445E+00    1.202717E-01    2.611152E-07    7.238885E-06
     6540    6.5400E-05    1.082445E+00    1.202717E-01    2.611152E-07    7.238885E-06
     6550    6.5500E-05    1.082445E+00    1.202717E-01    2.611152E-07    7.238885E-06
     6560    6.5600E-05    1.082445E+00    1.202717E-01    2.611152E-07    7.238885E-06
     6570    6.5700E-05    1.082445E+00    1.202717E-01    2.611152E-07    7.238885E-06
     6580    6.5800E-05    1.082445E+00    1.202717E-01    2.611152E-07    7.238885E-06
     6590    6.5900E-05    1.082445E+00    1.202717E-01    2.611152E-07    7.238885E-06
     6600    6.6000E-05    1.082445E+00    1.202717E-01    2.611152E-07    7.238885E-06
     6610    6.6100E-05    1.082445E+00    1.202717E-01    2.611152E-07    7.238885E-06
     6620    6.6200E-05    1.082445E+00    1.202717E-01    2.611152E-07    7.238885E-06
     6630    6.6300E-05    1.082445E+00    1.202717E-01    2.611152E-07    7.238885E-06
     6640    6.6400E-05    1.082445E+00    1.202717E-01    2.611152E-07    7.238885E-06
     6650    6.6500E-05    1.082445E+00    1.202717E-01    2.611152E-07    7.238885E-06
     6660    6.6600E-05    1.082445E+00    1.202717E-01    2.611152E-07    7.238885E-06
     6670    6.6700E-05    1.082445E+00    1.202717E-01    2.611152E-07    7.238885E-06
     6680    6.6800E-05    1.082445E+00    1.202717E-01    2.611152E-07    7.238885E-06
     6690    6.6900E-05    1.082445E+00    1.202717E-01    2.611152E-07    7.238885E-06
     6700    6.7000E-05    1.082445E+00    1.202717E-01    2.611152E-07    7.238885E-06
     6710    6.7100E-05    1.082445E+00    1.202717E-01    2.611152E-07    7.238885E-06
     6720    6.7200E-05    1.082445E+00    1.202717E-01    2.611152E-07    7.238885E-06
     6730    6.7300E-05    1.082445E+00    1.202717E-01    2.611152E-07    7.238885E-06
     6740    6.7400E-05    1.082445E+00    1.202717E-01    2.611152E-07    7.238885E-06
     6750    6.7500E-05    1.082445E+00    1.202717E-01    2.611152E-07    7.238885E-06
     6760    6.7600E-05    1.082445E+00    1.202717E-01    2.611152E-07    7.238885E-06
     6770    6.7700E-05    1.082445E+00    1.202717E-01    2.611152E-07    7.238885E-06
     6780    6.7800E-05    1.082445E+00    1.202717E-01    2.611152E-07    7.238885E-06
     6790    6.7900E-05    1.082445E+00    1.202717E-01    2.611152E-07    7.238885E-06
     6800    6.8000E-05    1.082445E+00    1.202717E-01    2.611152E-07    7.238885E-06
     6810    6.8100E-05    1.082445E+00    1.202717E-01    2.611152E-07    7.238885E-06
     6820    6.8200E-05    1.082445E+00    1.202717E-01    2.611152E-07    7.238885E-06
     6830    6.8300E-05    1.082445E+00    1.202717E-01    2.611152E-07    7.238885E-06
     6840    6.8400E-05    1.082445E+00    1.202717E-01    2.611152E-07    7.238885E-06
     6850    6.8500E-05    1.082445E+00    1.202717E-01    2.611152E-07    7.238885E-06
     6860    6.8600E-05    1.082445E+00    1.202717E-01    2.611152E-07    7.238885E-06
     6870    6.8700E-05    1.082445E+00    1.202717E-01    2.611152E-07    7.238885E-06
     6880    6.8800E-05    1.082445E+00    1.202717E-01    2.611152E-07    7.238885E-06
     6890    6.8900E-05    1.082445E+00    1.202717E-01    2.611152E-07    7.238885E-06
     6900    6.9000E-05    1.082445E+00    1.202717E-01    2.611152E-07    7.238885E-06
     6910    6.9100E-05    1.082445E+00    1.202717E-01    2.611152E-07    7.238885E-06
     6920    6.9200E-05    1.082445E+00    1.202717E-01    2.611152E-07    7.238885E-06
     6930    6.9300E-05    1.082445E+00    1.202717E-01    2.611152E-07    7.238885E-06
     6940    6.9400E-05    1.082445E+00    1.202717E-01    2.611152E-07    7.238885E-06
     6950    6.9500E-05    1.082445E+00    1.202717E-01    2.611152E-07    7.238885E-06
     6960    6.9600E-05    1.082445E+00    1.202717E-01    2.611152E-07    7.238885E-06
     6970    6.9700E-05    1.082445E+00    1.202717E-01    2.611152E-07    7.238885E-06
     6980    6.9800E-05    1.082445E+00    1.202717E-01    2.611152E-07    7.238885E-06
     6990    6.9900E-05    1.082445E+00    1.202717E-01    2.611152E-07    7.238885E-06
     7000    7.0000E-05    1.082445E+00    1.202717E-01    2.611152E-07    7.238885E-06
     7010    7.0100E-05    1.082445E+00    1.202717E-01    2.611152E-07    7.238885E-06
     7020    7.0200E-05    1.082445E+00    1.202717E-01    2.611152E-07    7.238885E-06
     7030    7.0300E-05    1.082445E+00    1.202717E-01    2.611152E-07    7.238885E-06
     7040    7.0400E-05    1.082445E+00    1.202717E-01    2.611152E-07    7.238885E-06
     7050    7.0500E-05    1.082445E+00    1.202717E-01    2.611152E-07    7.238885E-06
     7060    7.0600E-05    1.082445E+00    1.202717E-01    2.611152E-07    7.238885E-06
     7070    7.0700E-05    1.082445E+00    1.202717E-01    2.611152E-07    7.238885E-06
     7080    7.0800E-05    1.082445E+00    1.202717E-01    2.611152E-07    7.238885E-06
     7090    7.0900E-05    1.082445E+00    1.202717E-01    2.611152E-07    7.238885E-06
     7100    7.1000E-05    1.082445E+00    1.202717E-01    2.611152E-07    7.238885E-06
     7110    7.1100E-05    1.082445E+00    1.202717E-01    2.611152E-07    7.238885E-06
     7120    7.1200E-05    1.082445E+00    1.202717E-01    2.611152E-07    7.238885E-06
     7130    7.1300E-05    1.082445E+00    1.202717E-01    2.611152E-07    7.238885E-06
     7140    7.1400E-05    1.082445E+00    1.202717E-01    2.611152E-07    7.238885E-06
     7150    7.1500E-05    1.082445E+00    1.202717E-01    2.611152E-07    7.238885E-06
     7160    7.1600E-05    1.082445E+00    1.202717E-01    2.611152E-07    7.238885E-06
     7170    7.1700E-05    1.082445E+00    1.202717E-01    2.611152E-07    7.238885E-06
     7180    7.1800E-05    1.082445E+00    1.202717E-01    2.611152E-07    7.238885E-06
     7190    7.1900E-05    1.082445E+00    1.202717E-01    2.611152E-07    7.238885E-06
     7200    7.2000E-05    1.082445E+00    1.202717E-01    2.611152E-07    7.238885E-06
     7210    7.2100E-05    1.082445E+00    1.202717E-01    2.611152E-07    7.238885E-06
     7220    7.2200E-05    1.082445E+00    1.202717E-01    2.611152E-07    7.238885E-06
     7230    7.2300E-05    1.082445E+00    1.202717E-01    2.611152E-07    7.238885E-06
     7240    7.2400E-05    1.082445E+00    1.202717E-01    2.611152E-07    7.238885E-06
     7250    7.2500E-05    1.082445E+00    1.202717E-01    2.611152E-07    7.238885E-06
     7260    7.2600E-05    1.082445E+00    1.202717E-01    2.611152E-07    7.238885E-06
     7270    7.2700E-05    1.082445E+00    1.202717E-01    2.611152E-07    7.238885E-06
     7280    7.2800E-05    1.082445E+00    1.202717E-01    2.611152E-07    7.238885E-06
     7290    7.2900E-05    1.082445E+00    1.202717E-01    2.611152E-07    7.238885E-06
     7300    7.3000E-05    1.082445E+00    1.202717E-01    2.611152E-07    7.238885E-06
     7310    7.3100E-05    1.082445E+00    1.202717E-01    2.611152E-07    7.238885E-06
     7320    7.3200E-05    1.082445E+00    1.202717E-01    2.611152E-07    7.238885E-06
     7330    7.3300E-05    1.082445E+00    1.202717E-01    2.611152E-07    7.238885E-06
     7340    7.3400E-05    1.082445E+00    1.202717E-01    2.611152E-07    7.238885E-06
     7350    7.3500E-05    1.082445E+00    1.202717E-01    2.611152E-07    7.238885E-06
     7360    7.3600E-05    1.082445E+00    1.202717E-01    2.611152E-07    7.238885E-06
     7370    7.3700E-05    1.082445E+00    1.202717E-01    2.611152E-07    7.238885E-06
     7380    7.3800E-05    1.082445E+00    1.202717E-01    2.611152E-07    7.238885E-06
     7390    7.3900E-05    1.082445E+00    1.202717E-01    2.611152E-07    7.238885E-06
     7400    7.4000E-05    1.082445E+00    1.202717E-01    2.611152E-07    7.238885E-06
     7410    7.4100E-05    1.082445E+00    1.202717E-01    2.611152E-07    7.238885E-06
     7420    7.4200E-05    1.082445E+00    1.202717E-01    2.611152E-07    7.238885E-06
     7430    7.4300E-05    1.082445E+00    1.202717E-01    2.611152E-07    7.238885E-06
     7440    7.4400E-05    1.082445E+00    1.202717E-01    2.611152E-07    7.238885E-06
     7450    7.4500E-05    1.082445E+00    1.202717E-01    2.611152E-07    7.238885E-06
     7460    7.4600E-05    1.082445E+00    1.202717E-01    2.611152E-07    7.238885E-06
     7470    7.4700E-05    1.082445E+00    1.202717E-01    2.611152E-07    7.238885E-06
     7480    7.4800E-05    1.082445E+00    1.202717E-01    2.611152E-07    7.238885E-06
     7490    7.4900E-05    1.082445E+00    1.202717E-01    2.611152E-07    7.238885E-06
     7500    7.5000E-05    1.082445E+00    1.202717E-01    2.611152E-07    7.238885E-06
     7510    7.5100E-05    1.082445E+00    1.202717E-01    2.611152E-07    7.238885E-06
     7520    7.5200E-05    1.082445E+00    1.202717E-01    2.611152E-07    7.238885E-06
     7530    7.5300E-05    1.082445E+00    1.202717E-01    2.611152E-07    7.238885E-06
     7540    7.5400E-05    1.082445E+00    1.202717E-01    2.611152E-07    7.238885E-06
     7550    7.5500E-05    1.082445E+00    1.202717E-01    2.611152E-07    7.238885E-06
     7560    7.5600E-05    1.082445E+00    1.202717E-01    2.611152E-07    7.238885E-06
     7570    7.5700E-05    1.082445E+00    1.202717E-01    2.611152E-07    7.238885E-06
     7580    7.5800E-05    1.082445E+00    1.202717E-01    2.611152E-07    7.238885E-06
     7590    7.5900E-05    1.082445E+00    1.202717E-01    2.611152E-07    7.238885E-06
     7600    7.6000E-05    1.082445E+00    1.202717E-01    2.611152E-07    7.238885E-06
     7610    7.6100E-05    1.082445E+00    1.202717E-01    2.611152E-07    7.238885E-06
     7620    7.6200E-05    1.082445E+00    1.202717E-01    2.611152E-07    7.238885E-06
     7630    7.6300E-05    1.082445E+00    1.202717E-01    2.611152E-07    7.238885E-06
     7640    7.6400E-05    1.082445E+00    1.202717E-01    2.611152E-07    7.238885E-06
     7650    7.6500E-05    1.082445E+00    1.202717E-01    2.611152E-07    7.238885E-06
     7660    7.6600E-05    1.082445E+00    1.202717E-01    2.611152E-07    7.238885E-06
     7670    7.6700E-05    1.082445E+00    1.202717E-01    2.611152E-07    7.238885E-06
     7680    7.6800E-05    1.082445E+00    1.202717E-01    2.611152E-07    7.238885E-06
     7690    7.6900E-05    1.082445E+00    1.202717E-01    2.611152E-07    7.238885E-06
     7700    7.7000E-05    1.082445E+00    1.202717E-01    2.611152E-07    7.238885E-06
     7710    7.7100E-05    1.082445E+00    1.202717E-01    2.611152E-07    7.238885E-06
     7720    7.7200E-05    1.082445E+00    1.202717E-01    2.611152E-07    7.238885E-06
     7730    7.7300E-05    1.082445E+00    1.202717E-01    2.611152E-07    7.238885E-06
     7740    7.7400E-05    1.082445E+00    1.202717E-01    2.611152E-07    7.238885E-06
     7750    7.7500E-05    1.082445E+00    1.202717E-01    2.611152E-07    7.238885E-06
     7760    7.7600E-05    1.082445E+00    1.202717E-01    2.611152E-07    7.238885E-06
     7770    7.7700E-05    1.082445E+00    1.202717E-01    2.611152E-07    7.238885E-06
     7780    7.7800E-05    1.082445E+00    1.202717E-01    2.611152E-07    7.238885E-06
     7790    7.7900E-05    1.082445E+00    1.202717E-01    2.611152E-07    7.238885E-06
     7800    7.8000E-05    1.082445E+00    1.202717E-01    2.611152E-07    7.238885E-06
     7810    7.8100E-05    1.082445E+00    1.202717E-01    2.611152E-07    7.238885E-06
     7820    7.8200E-05    1.082445E+00    1.202717E-01    2.611152E-07    7.238885E-06
     7830    7.8300E-05    1.082445E+00    1.202717E-01    2.611152E-07    7.238885E-06
     7840    7.8400E-05    1.082445E+00    1.202717E-01    2.611152E-07    7.238885E-06
     7850    7.8500E-05    1.082445E+00    1.202717E-01    2.611152E-07    7.238885E-06
     7860    7.8600E-05    1.082445E+00    1.202717E-01    2.611152E-07    7.238885E-06
     7870    7.8700E-05    1.082445E+00    1.202717E-01    2.611152E-07    7.238885E-06
     7880    7.8800E-05    1.082445E+00    1.202717E-01    2.611152E-07    7.238885E-06
     7890    7.8900E-05    1.082445E+00    1.202717E-01    2.611152E-07    7.238885E-06
     7900    7.9000E-05    1.082445E+00    1.202717E-01    2.611152E-07    7.238885E-06
     7910    7.9100E-05    1.082445E+00    1.202717E-01    2.611152E-07    7.238885E-06
     7920    7.9200E-05    1.082445E+00    1.202717E-01    2.611152E-07    7.238885E-06
     7930    7.9300E-05    1.082445E+00    1.202717E-01    2.611152E-07    7.238885E-06
     7940    7.9400E-05    1.082445E+00    1.202717E-01    2.611152E-07    7.238885E-06
     7950    7.9500E-05    1.082445E+00    1.202717E-01    2.611152E-07    7.238885E-06
     7960    7.9600E-05    1.082445E+00    1.202717E-01    2.611152E-07    7.238885E-06
     7970    7.9700E-05    1.082445E+00    1.202717E-01    2.611152E-07    7.238885E-06
     7980    7.9800E-05    1.082445E+00    1.202717E-01    2.611152E-07    7.238885E-06
     7990    7.9900E-05    1.082445E+00    1.202717E-01    2.611152E-07    7.238885E-06
     8000    8.0000E-05    1.082445E+00    1.202717E-01    2.611152E-07    7.238885E-06
     8010    8.0100E-05    1.082445E+00    1.202717E-01    2.611152E-07    7.238885E-06
     8020    8.0200E-05    1.082445E+00    1.202717E-01    2.611152E-07    7.238885E-06
     8030    8.0300E-05    1.082445E+00    1.202717E-01    2.611152E-07    7.238885E-06
     8040    8.0400E-05    1.082445E+00    1.202717E-01    2.611152E-07    7.238885E-06
     8050    8.0500E-05    1.082445E+00    1.202717E-01    2.611152E-07    7.238885E-06
     8060    8.0600E-05    1.082445E+00    1.202717E-01    2.611152E-07    7.238885E-06
     8070    8.0700E-05    1.082445E+00    1.202717E-01    2.611152E-07    7.238885E-06
     8080    8.0800E-05    1.082445E+00    1.202717E-01    2.611152E-07    7.238885E-06
     8090    8.0900E-05    1.082445E+00    1.202717E-01    2.611152E-07    7.238885E-06
     8100    8.1000E-05    1.082445E+00    1.202717E-01    2.611152E-07    7.238885E-06
     8110    8.1100E-05    1.082445E+00    1.202717E-01    2.611152E-07    7.238885E-06
     8120    8.1200E-05    1.082445E+00    1.202717E-01    2.611152E-07    7.238885E-06
     8130    8.1300E-05    1.082445E+00    1.202717E-01    2.611152E-07    7.238885E-06
     8140    8.1400E-05    1.082445E+00    1.202717E-01    2.611152E-07    7.238885E-06
     8150    8.1500E-05    1.082445E+00    1.202717E-01    2.611152E-07    7.238885E-06
     8160    8.1600E-05    1.082445E+00    1.202717E-01    2.611152E-07    7.238885E-06
     8170    8.1700E-05    1.082445E+00    1.202717E-01    2.611152E-07    7.238885E-06
     8180    8.1800E-05    1.082445E+00    1.202717E-01    2.611152E-07    7.238885E-06
     8190    8.1900E-05    1.082445E+00    1.202717E-01    2.611152E-07    7.238885E-06
     8200    8.2000E-05    1.082445E+00    1.202717E-01    2.611152E-07    7.238885E-06
     8210    8.2100E-05    1.082445E+00    1.202717E-01    2.611152E-07    7.238885E-06
     8220    8.2200E-05    1.082445E+00    1.202717E-01    2.611152E-07    7.238885E-06
     8230    8.2300E-05    1.082445E+00    1.202717E-01    2.611152E-07    7.238885E-06
     8240    8.2400E-05    1.082445E+00    1.202717E-01    2.611152E-07    7.238885E-06
     8250    8.2500E-05    1.082445E+00    1.202717E-01    2.611152E-07    7.238885E-06
     8260    8.2600E-05    1.082445E+00    1.202717E-01    2.611152E-07    7.238885E-06
     8270    8.2700E-05    1.082445E+00    1.202717E-01    2.611152E-07    7.238885E-06
     8280    8.2800E-05    1.082445E+00    1.202717E-01    2.611152E-07    7.238885E-06
     8290    8.2900E-05    1.082445E+00    1.202717E-01    2.611152E-07    7.238885E-06
     8300    8.3000E-05    1.082445E+00    1.202717E-01    2.611152E-07    7.238885E-06
     8310    8.3100E-05    1.082445E+00    1.202717E-01    2.611152E-07    7.238885E-06
     8320    8.3200E-05    1.082445E+00    1.202717E-01    2.611152E-07    7.238885E-06
     8330    8.3300E-05    1.082445E+00    1.202717E-01    2.611152E-07    7.238885E-06
     8340    8.3400E-05    1.082445E+00    1.202717E-01    2.611152E-07    7.238885E-06
     8350    8.3500E-05    1.082445E+00    1.202717E-01    2.611152E-07    7.238885E-06
     8360    8.3600E-05    1.082445E+00    1.202717E-01    2.611152E-07    7.238885E-06
     8370    8.3700E-05    1.082445E+00    1.202717E-01    2.611152E-07    7.238885E-06
     8380    8.3800E-05    1.082445E+00    1.202717E-01    2.611152E-07    7.238885E-06
     8390    8.3900E-05    1.082445E+00    1.202717E-01    2.611152E-07    7.238885E-06
     8400    8.4000E-05    1.082445E+00    1.202717E-01    2.611152E-07    7.238885E-06
     8410    8.4100E-05    1.082445E+00    1.202717E-01    2.611152E-07    7.238885E-06
     8420    8.4200E-05    1.082445E+00    1.202717E-01    2.611152E-07    7.238885E-06
     8430    8.4300E-05    1.082445E+00    1.202717E-01    2.611152E-07    7.238885E-06
     8440    8.4400E-05    1.082445E+00    1.202717E-01    2.611152E-07    7.238885E-06
     8450    8.4500E-05    1.082445E+00    1.202717E-01    2.611152E-07    7.238885E-06
     8460    8.4600E-05    1.082445E+00    1.202717E-01    2.611152E-07    7.238885E-06
     8470    8.4700E-05    1.082445E+00    1.202717E-01    2.611152E-07    7.238885E-06
     8480    8.4800E-05    1.082445E+00    1.202717E-01    2.611152E-07    7.238885E-06
     8490    8.4900E-05    1.082445E+00    1.202717E-01    2.611152E-07    7.238885E-06
     8500    8.5000E-05    1.082445E+00    1.202717E-01    2.611152E-07    7.238885E-06
     8510    8.5100E-05    1.082445E+00    1.202717E-01    2.611152E-07    7.238885E-06
     8520    8.5200E-05    1.082445E+00    1.202717E-01    2.611152E-07    7.238885E-06
     8530    8.5300E-05    1.082445E+00    1.202717E-01    2.611152E-07    7.238885E-06
     8540    8.5400E-05    1.082445E+00    1.202717E-01    2.611152E-07    7.238885E-06
     8550    8.5500E-05    1.082445E+00    1.202717E-01    2.611152E-07    7.238885E-06
     8560    8.5600E-05    1.082445E+00    1.202717E-01    2.611152E-07    7.238885E-06
     8570    8.5700E-05    1.082445E+00    1.202717E-01    2.611152E-07    7.238885E-06
     8580    8.5800E-05    1.082445E+00    1.202717E-01    2.611152E-07    7.238885E-06
     8590    8.5900E-05    1.082445E+00    1.202717E-01    2.611152E-07    7.238885E-06
     8600    8.6000E-05    1.082445E+00    1.202717E-01    2.611152E-07    7.238885E-06
     8610    8.6100E-05    1.082445E+00    1.202717E-01    2.611152E-07    7.238885E-06
     8620    8.6200E-05    1.082445E+00    1.202717E-01    2.611152E-07    7.238885E-06
     8630    8.6300E-05    1.082445E+00    1.202717E-01    2.611152E-07    7.238885E-06
     8640    8.6400E-05    1.082445E+00    1.202717E-01    2.611152E-07    7.238885E-06
     8650    8.6500E-05    1.082445E+00    1.202717E-01    2.611152E-07    7.238885E-06
     8660    8.6600E-05    1.082445E+00    1.202717E-01    2.611152E-07    7.238885E-06
     8670    8.6700E-05    1.082445E+00    1.202717E-01    2.611152E-07    7.238885E-06
     8680    8.6800E-05    1.082445E+00    1.202717E-01    2.611152E-07    7.238885E-06
     8690    8.6900E-05    1.082445E+00    1.202717E-01    2.611152E-07    7.238885E-06
     8700    8.7000E-05    1.082445E+00    1.202717E-01    2.611152E-07    7.238885E-06
     8710    8.7100E-05    1.082445E+00    1.202717E-01    2.611152E-07    7.238885E-06
     8720    8.7200E-05    1.082445E+00    1.202717E-01    2.611152E-07    7.238885E-06
     8730    8.7300E-05    1.082445E+00    1.202717E-01    2.611152E-07    7.238885E-06
     8740    8.7400E-05    1.082445E+00    1.202717E-01    2.611152E-07    7.238885E-06
     8750    8.7500E-05    1.082445E+00    1.202717E-01    2.611152E-07    7.238885E-06
     8760    8.7600E-05    1.082445E+00    1.202717E-01    2.611152E-07    7.238885E-06
     8770    8.7700E-05    1.082445E+00    1.202717E-01    2.611152E-07    7.238885E-06
     8780    8.7800E-05    1.082445E+00    1.202717E-01    2.611152E-07    7.238885E-06
     8790    8.7900E-05    1.082445E+00    1.202717E-01    2.611152E-07    7.238885E-06
     8800    8.8000E-05    1.082445E+00    1.202717E-01    2.611152E-07    7.238885E-06
     8810    8.8100E-05    1.082445E+00    1.202717E-01    2.611152E-07    7.238885E-06
     8820    8.8200E-05    1.082445E+00    1.202717E-01    2.611152E-07    7.238885E-06
     8830    8.8300E-05    1.082445E+00    1.202717E-01    2.611152E-07    7.238885E-06
     8840    8.8400E-05    1.082445E+00    1.202717E-01    2.611152E-07    7.238885E-06
     8850    8.8500E-05    1.082445E+00    1.202717E-01    2.611152E-07    7.238885E-06
     8860    8.8600E-05    1.082445E+00    1.202717E-01    2.611152E-07    7.238885E-06
     8870    8.8700E-05    1.082445E+00    1.202717E-01    2.611152E-07    7.238885E-06
     8880    8.8800E-05    1.082445E+00    1.202717E-01    2.611152E-07    7.238885E-06
     8890    8.8900E-05    1.082445E+00    1.202717E-01    2.611152E-07    7.238885E-06
     8900    8.9000E-05    1.082445E+00    1.202717E-01    2.611152E-07    7.238885E-06
     8910    8.9100E-05    1.082445E+00    1.202717E-01    2.611152E-07    7.238885E-06
     8920    8.9200E-05    1.082445E+00    1.202717E-01    2.611152E-07    7.238885E-06
     8930    8.9300E-05    1.082445E+00    1.202717E-01    2.611152E-07    7.238885E-06
     8940    8.9400E-05    1.082445E+00    1.202717E-01    2.611152E-07    7.238885E-06
     8950    8.9500E-05    1.082445E+00    1.202717E-01    2.611152E-07    7.238885E-06
     8960    8.9600E-05    1.082445E+00    1.202717E-01    2.611152E-07    7.238885E-06
     8970    8.9700E-05    1.082445E+00    1.202717E-01    2.611152E-07    7.238885E-06
     8980    8.9800E-05    1.082445E+00    1.202717E-01    2.611152E-07    7.238885E-06
     8990    8.9900E-05    1.082445E+00    1.202717E-01    2.611152E-07    7.238885E-06
     9000    9.0000E-05    1.082445E+00    1.202717E-01    2.611152E-07    7.238885E-06
     9010    9.0100E-05    1.082445E+00    1.202717E-01    2.611152E-07    7.238885E-06
     9020    9.0200E-05    1.082445E+00    1.202717E-01    2.611152E-07    7.238885E-06
     9030    9.0300E-05    1.082445E+00    1.202717E-01    2.611152E-07    7.238885E-06
     9040    9.0400E-05    1.082445E+00    1.202717E-01    2.611152E-07    7.238885E-06
     9050    9.0500E-05    1.082445E+00    1.202717E-01    2.611152E-07    7.238885E-06
     9060    9.0600E-05    1.082445E+00    1.202717E-01    2.611152E-07    7.238885E-06
     9070    9.0700E-05    1.082445E+00    1.202717E-01    2.611152E-07    7.238885E-06
     9080    9.0800E-05    1.082445E+00    1.202717E-01    2.611152E-07    7.238885E-06
     9090    9.0900E-05    1.082445E+00    1.202717E-01    2.611152E-07    7.238885E-06
     9100    9.1000E-05    1.082445E+00    1.202717E-01    2.611152E-07    7.238885E-06
     9110    9.1100E-05    1.082445E+00    1.202717E-01    2.611152E-07    7.238885E-06
     9120    9.1200E-05    1.082445E+00    1.202717E-01    2.611152E-07    7.238885E-06
     9130    9.1300E-05    1.082445E+00    1.202717E-01    2.611152E-07    7.238885E-06
     9140    9.1400E-05    1.082445E+00    1.202717E-01    2.611152E-07    7.238885E-06
     9150    9.1500E-05    1.082445E+00    1.202717E-01    2.611152E-07    7.238885E-06
     9160    9.1600E-05    1.082445E+00    1.202717E-01    2.611152E-07    7.238885E-06
     9170    9.1700E-05    1.082445E+00    1.202717E-01    2.611152E-07    7.238885E-06
     9180    9.1800E-05    1.082445E+00    1.202717E-01    2.611152E-07    7.238885E-06
     9190    9.1900E-05    1.082445E+00    1.202717E-01    2.611152E-07    7.238885E-06
     9200    9.2000E-05    1.082445E+00    1.202717E-01    2.611152E-07    7.238885E-06
     9210    9.2100E-05    1.082445E+00    1.202717E-01    2.611152E-07    7.238885E-06
     9220    9.2200E-05    1.082445E+00    1.202717E-01    2.611152E-07    7.238885E-06
     9230    9.2300E-05    1.082445E+00    1.202717E-01    2.611152E-07    7.238885E-06
     9240    9.2400E-05    1.082445E+00    1.202717E-01    2.611152E-07    7.238885E-06
     9250    9.2500E-05    1.082445E+00    1.202717E-01    2.611152E-07    7.238885E-06
     9260    9.2600E-05    1.082445E+00    1.202717E-01    2.611152E-07    7.238885E-06
     9270    9.2700E-05    1.082445E+00    1.202717E-01    2.611152E-07    7.238885E-06
     9280    9.2800E-05    1.082445E+00    1.202717E-01    2.611152E-07    7.238885E-06
     9290    9.2900E-05    1.082445E+00    1.202717E-01    2.611152E-07    7.238885E-06
     9300    9.3000E-05    1.082445E+00    1.202717E-01    2.611152E-07    7.238885E-06
     9310    9.3100E-05    1.082445E+00    1.202717E-01    2.611152E-07    7.238885E-06
     9320    9.3200E-05    1.082445E+00    1.202717E-01    2.611152E-07    7.238885E-06
     9330    9.3300E-05    1.082445E+00    1.202717E-01    2.611152E-07    7.238885E-06
     9340    9.3400E-05    1.082445E+00    1.202717E-01    2.611152E-07    7.238885E-06
     9350    9.3500E-05    1.082445E+00    1.202717E-01    2.611152E-07    7.238885E-06
     9360    9.3600E-05    1.082445E+00    1.202717E-01    2.611152E-07    7.238885E-06
     9370    9.3700E-05    1.082445E+00    1.202717E-01    2.611152E-07    7.238885E-06
     9380    9.3800E-05    1.082445E+00    1.202717E-01    2.611152E-07    7.238885E-06
     9390    9.3900E-05    1.082445E+00    1.202717E-01    2.611152E-07    7.238885E-06
     9400    9.4000E-05    1.082445E+00    1.202717E-01    2.611152E-07    7.238885E-06
     9410    9.4100E-05    1.082445E+00    1.202717E-01    2.611152E-07    7.238885E-06
     9420    9.4200E-05    1.082445E+00    1.202717E-01    2.611152E-07    7.238885E-06
     9430    9.4300E-05    1.082445E+00    1.202717E-01    2.611152E-07    7.238885E-06
     9440    9.4400E-05    1.082445E+00    1.202717E-01    2.611152E-07    7.238885E-06
     9450    9.4500E-05    1.082445E+00    1.202717E-01    2.611152E-07    7.238885E-06
     9460    9.4600E-05    1.082445E+00    1.202717E-01    2.611152E-07    7.238885E-06
     9470    9.4700E-05    1.082445E+00    1.202717E-01    2.611152E-07    7.238885E-06
     9480    9.4800E-05    1.082445E+00    1.202717E-01    2.611152E-07    7.238885E-06
     9490    9.4900E-05    1.082445E+00    1.202717E-01    2.611152E-07    7.238885E-06
     9500    9.5000E-05    1.082445E+00    1.202717E-01    2.611152E-07    7.238885E-06
     9510    9.5100E-05    1.082445E+00    1.202717E-01    2.611152E-07    7.238885E-06
     9520    9.5200E-05    1.082445E+00    1.202717E-01    2.611152E-07    7.238885E-06
     9530    9.5300E-05    1.082445E+00    1.202717E-01    2.611152E-07    7.238885E-06
     9540    9.5400E-05    1.082445E+00    1.202717E-01    2.611152E-07    7.238885E-06
     9550    9.5500E-05    1.082445E+00    1.202717E-01    2.611152E-07    7.238885E-06
     9560    9.5600E-05    1.082445E+00    1.202717E-01    2.611152E-07    7.238885E-06
     9570    9.5700E-05    1.082445E+00    1.202717E-01    2.611152E-07    7.238885E-06
     9580    9.5800E-05    1.082445E+00    1.202717E-01    2.611152E-07    7.238885E-06
     9590    9.5900E-05    1.082445E+00    1.202717E-01    2.611152E-07    7.238885E-06
     9600    9.6000E-05    1.082445E+00    1.202717E-01    2.611152E-07    7.238885E-06
     9610    9.6100E-05    1.082445E+00    1.202717E-01    2.611152E-07    7.238885E-06
     9620    9.6200E-05    1.082445E+00    1.202717E-01    2.611152E-07    7.238885E-06
     9630    9.6300E-05    1.082445E+00    1.202717E-01    2.611152E-07    7.238885E-06
     9640    9.6400E-05    1.082445E+00    1.202717E-01    2.611152E-07    7.238885E-06
     9650    9.6500E-05    1.082445E+00    1.202717E-01    2.611152E-07    7.238885E-06
     9660    9.6600E-05    1.082445E+00    1.202717E-01    2.611152E-07    7.238885E-06
     9670    9.6700E-05    1.082445E+00    1.202717E-01    2.611152E-07    7.238885E-06
     9680    9.6800E-05    1.082445E+00    1.202717E-01    2.611152E-07    7.238885E-06
     9690    9.6900E-05    1.082445E+00    1.202717E-01    2.611152E-07    7.238885E-06
     9700    9.7000E-05    1.082445E+00    1.202717E-01    2.611152E-07    7.238885E-06
     9710    9.7100E-05    1.082445E+00    1.202717E-01    2.611152E-07    7.238885E-06
     9720    9.7200E-05    1.082445E+00    1.202717E-01    2.611152E-07    7.238885E-06
     9730    9.7300E-05    1.082445E+00    1.202717E-01    2.611152E-07    7.238885E-06
     9740    9.7400E-05    1.082445E+00    1.202717E-01    2.611152E-07    7.238885E-06
     9750    9.7500E-05    1.082445E+00    1.202717E-01    2.611152E-07    7.238885E-06
     9760    9.7600E-05    1.082445E+00    1.202717E-01    2.611152E-07    7.238885E-06
     9770    9.7700E-05    1.082445E+00    1.202717E-01    2.611152E-07    7.238885E-06
     9780    9.7800E-05    1.082445E+00    1.202717E-01    2.611152E-07    7.238885E-06
     9790    9.7900E-05    1.082445E+00    1.202717E-01    2.611152E-07    7.238885E-06
     9800    9.8000E-05    1.082445E+00    1.202717E-01    2.611152E-07    7.238885E-06
     9810    9.8100E-05    1.082445E+00    1.202717E-01    2.611152E-07    7.238885E-06
     9820    9.8200E-05    1.082445E+00    1.202717E-01    2.611152E-07    7.238885E-06
     9830    9.8300E-05    1.082445E+00    1.202717E-01    2.611152E-07    7.238885E-06
     9840    9.8400E-05    1.082445E+00    1.202717E-01    2.611152E-07    7.238885E-06
     9850    9.8500E-05    1.082445E+00    1.202717E-01    2.611152E-07    7.238885E-06
     9860    9.8600E-05    1.082445E+00    1.202717E-01    2.611152E-07    7.238885E-06
     9870    9.8700E-05    1.082445E+00    1.202717E-01    2.611152E-07    7.238885E-06
     9880    9.8800E-05    1.082445E+00    1.202717E-01    2.611152E-07    7.238885E-06
     9890    9.8900E-05    1.082445E+00    1.202717E-01    2.611152E-07    7.238885E-06
     9900    9.9000E-05    1.082445E+00    1.202717E-01    2.611152E-07    7.238885E-06
     9910    9.9100E-05    1.082445E+00    1.202717E-01    2.611152E-07    7.238885E-06
     9920    9.9200E-05    1.082445E+00    1.202717E-01    2.611152E-07    7.238885E-06
     9930    9.9300E-05    1.082445E+00    1.202717E-01    2.611152E-07    7.238885E-06
     9940    9.9400E-05    1.082445E+00    1.202717E-01    2.611152E-07    7.238885E-06
     9950    9.9500E-05    1.082445E+00    1.202717E-01    2.611152E-07    7.238885E-06
     9960    9.9600E-05    1.082445E+00    1.202717E-01    2.611152E-07    7.238885E-06
     9970    9.9700E-05    1.082445E+00    1.202717E-01    2.611152E-07    7.238885E-06
     9980    9.9800E-05    1.082445E+00    1.202717E-01    2.611152E-07    7.238885E-06
     9990    9.9900E-05    1.082445E+00    1.202717E-01    2.611152E-07    7.238885E-06
    10000    1.0000E-04    1.082445E+00    1.202717E-01    2.611152E-07    7.238885E-06
