iteration          time             xO2              xO          xE(s1)          xO(s1)
        0    0.0000E+00    1.082445E+00    1.202717E-01    7.500000E-06    1.000000E-15
       10    1.0000E-07    1.082445E+00    1.202715E-01    7.056776E-06    4.432238E-07
       20    2.0000E-07    1.082445E+00    1.202713E-01    6.630928E-06    8.690723E-07
       30    3.0000E-07    1.082446E+00    1.202711E-01    6.242049E-06    1.257951E-06
       40    4.0000E-07    1.082446E+00    1.202709E-01    5.885758E-06    1.614242E-06
       50    5.0000E-07    1.082446E+00    1.202708E-01    5.558338E-06    1.941662E-06
       60    6.0000E-07    1.082446E+00    1.202706E-01    5.256613E-06    2.243387E-06
       70    7.0000E-07    1.082446E+00    1.202705E-01    4.977855E-06    2.522145E-06
       80    8.0000E-07    1.082446E+00    1.202703E-01    4.719708E-06    2.780292E-06
       90    9.0000E-07    1.082446E+00    1.202702E-01    4.480123E-06    3.019877E-06
      100    1.0000E-06    1.082447E+00    1.202701E-01    4.257316E-06    3.242684E-06
      110    1.1000E-06    1.082447E+00    1.202700E-01    4.049719E-06    3.450281E-06
      120    1.2000E-06    1.082447E+00    1.202698E-01    3.855955E-06    3.644045E-06
      130    1.3000E-06    1.082447E+00    1.202697E-01    3.674804E-06    3.825196E-06
      140    1.4000E-06    1.082447E+00    1.202696E-01    3.505185E-06    3.994815E-06
      150    1.5000E-06    1.082447E+00    1.202695E-01    3.346136E-06    4.153864E-06
      160    1.6000E-06    1.082447E+00    1.202694E-01    3.196798E-06    4.303202E-06
      170    1.7000E-06    1.082447E+00    1.202693E-01    3.056400E-06    4.443600E-06
      180    1.8000E-06    1.082447E+00    1.202693E-01    2.924251E-06    4.575749E-06
      190    1.9000E-06    1.082447E+00    1.202692E-01    2.799725E-06    4.700275E-06
      200    2.0000E-06    1.082448E+00    1.202691E-01    2.682260E-06    4.817740E-06
      210    2.1000E-06    1.082448E+00    1.202690E-01    2.571345E-06    4.928655E-06
      220    2.2000E-06    1.082448E+00    1.202689E-01    2.466517E-06    5.033483E-06
      230    2.3000E-06    1.082448E+00    1.202689E-01    2.367354E-06    5.132646E-06
      240    2.4000E-06    1.082448E+00    1.202688E-01    2.273470E-06    5.226530E-06
      250    2.5000E-06    1.082448E+00    1.202687E-01    2.184514E-06    5.315486E-06
      260    2.6000E-06    1.082448E+00    1.202687E-01    2.100164E-06    5.399836E-06
      270    2.7000E-06    1.082448E+00    1.202686E-01    2.020124E-06    5.479876E-06
      280    2.8000E-06    1.082448E+00    1.202686E-01    1.944123E-06    5.555877E-06
      290    2.9000E-06    1.082448E+00    1.202685E-01    1.871910E-06    5.628090E-06
      300    3.0000E-06    1.082448E+00    1.202684E-01    1.803255E-06    5.696745E-06
      310    3.1000E-06    1.082448E+00    1.202684E-01    1.737944E-06    5.762056E-06
      320    3.2000E-06    1.082448E+00    1.202683E-01    1.675780E-06    5.824220E-06
      330    3.3000E-06    1.082448E+00    1.202683E-01    1.616581E-06    5.883419E-06
      340    3.4000E-06    1.082448E+00    1.202682E-01    1.560176E-06    5.939824E-06
      350    3.5000E-06    1.082448E+00    1.202682E-01    1.506408E-06    5.993592E-06
      360    3.6000E-06    1.082448E+00    1.202682E-01    1.455131E-06    6.044869E-06
      370    3.7000E-06    1.082449E+00    1.202681E-01    1.406208E-06    6.093792E-06
      380    3.8000E-06    1.082449E+00    1.202681E-01    1.359512E-06    6.140488E-06
      390    3.9000E-06    1.082449E+00    1.202680E-01    1.314923E-06    6.185077E-06
      400    4.0000E-06    1.082449E+00    1.202680E-01    1.272330E-06    6.227670E-06
      410    4.1000E-06    1.082449E+00    1.202679E-01    1.231630E-06    6.268370E-06
      420    4.2000E-06    1.082449E+00    1.202679E-01    1.192725E-06    6.307275E-06
      430    4.3000E-06    1.082449E+00    1.202679E-01    1.155523E-06    6.344477E-06
      440    4.4000E-06    1.082449E+00    1.202678E-01    1.119939E-06    6.380061E-06
      450    4.5000E-06    1.082449E+00    1.202678E-01    1.085892E-06    6.414108E-06
      460    4.6000E-06    1.082449E+00    1.202678E-01    1.053306E-06    6.446694E-06
      470    4.7000E-06    1.082449E+00    1.202677E-01    1.022111E-06    6.477889E-06
      480    4.8000E-06    1.082449E+00    1.202677E-01    9.922380E-07    6.507762E-06
      490    4.9000E-06    1.082449E+00    1.202677E-01    9.636247E-07    6.536375E-06
      500    5.0000E-06    1.082449E+00    1.202676E-01    9.362113E-07    6.563789E-06
      510    5.1000E-06    1.082449E+00    1.202676E-01    9.099412E-07    6.590059E-06
      520    5.2000E-06    1.082449E+00    1.202676E-01    8.847612E-07    6.615239E-06
      530    5.3000E-06    1.082449E+00    1.202676E-01    8.606209E-07    6.639379E-06
      540    5.4000E-06    1.082449E+00    1.202675E-01    8.374726E-07    6.662527E-06
      550    5.5000E-06    1.082449E+00    1.202675E-01    8.152713E-07    6.684729E-06
      560    5.6000E-06    1.082449E+00    1.202675E-01    7.939742E-07    6.706026E-06
      570    5.7000E-06    1.082449E+00    1.202675E-01    7.735408E-07    6.726459E-06
      580    5.8000E-06    1.082449E+00    1.202674E-01    7.539327E-07    6.746067E-06
      590    5.9000E-06    1.082449E+00    1.202674E-01    7.351134E-07    6.764887E-06
      600    6.0000E-06    1.082449E+00    1.202674E-01    7.170483E-07    6.782952E-06
      610    6.1000E-06    1.082449E+00    1.202674E-01    6.997045E-07    6.800295E-06
      620    6.2000E-06    1.082449E+00    1.202673E-01    6.830509E-07    6.816949E-06
      630    6.3000E-06    1.082449E+00    1.202673E-01    6.670576E-07    6.832942E-06
      640    6.4000E-06    1.082449E+00    1.202673E-01    6.516964E-07    6.848304E-06
      650    6.5000E-06    1.082449E+00    1.202673E-01    6.369405E-07    6.863060E-06
      660    6.6000E-06    1.082449E+00    1.202673E-01    6.227641E-07    6.877236E-06
      670    6.7000E-06    1.082449E+00    1.202672E-01    6.091430E-07    6.890857E-06
      680    6.8000E-06    1.082449E+00    1.202672E-01    5.960538E-07    6.903946E-06
      690    6.9000E-06    1.082449E+00    1.202672E-01    5.834744E-07    6.916526E-06
      700    7.0000E-06    1.082449E+00    1.202672E-01    5.713836E-07    6.928616E-06
      710    7.1000E-06    1.082449E+00    1.202672E-01    5.597613E-07    6.940239E-06
      720    7.2000E-06    1.082450E+00    1.202671E-01    5.485882E-07    6.951412E-06
      730    7.3000E-06    1.082450E+00    1.202671E-01    5.378459E-07    6.962154E-06
      740    7.4000E-06    1.082450E+00    1.202671E-01    5.275170E-07    6.972483E-06
      750    7.5000E-06    1.082450E+00    1.202671E-01    5.175846E-07    6.982415E-06
      760    7.6000E-06    1.082450E+00    1.202671E-01    5.080326E-07    6.991967E-06
      770    7.7000E-06    1.082450E+00    1.202670E-01    4.988459E-07    7.001154E-06
      780    7.8000E-06    1.082450E+00    1.202670E-01    4.900096E-07    7.009990E-06
      790    7.9000E-06    1.082450E+00    1.202670E-01    4.815099E-07    7.018490E-06
      800    8.0000E-06    1.082450E+00    1.202670E-01    4.733333E-07    7.026667E-06
      810    8.1000E-06    1.082450E+00    1.202670E-01    4.654671E-07    7.034533E-06
      820    8.2000E-06    1.082450E+00    1.202670E-01    4.578988E-07    7.042101E-06
      830    8.3000E-06    1.082450E+00    1.202669E-01    4.506167E-07    7.049383E-06
      840    8.4000E-06    1.082450E+00    1.202669E-01    4.436097E-07    7.056390E-06
      850    8.5000E-06    1.082450E+00    1.202669E-01    4.368669E-07    7.063133E-06
      860    8.6000E-06    1.082450E+00    1.202669E-01    4.303779E-07    7.069622E-06
      870    8.7000E-06    1.082450E+00    1.202669E-01    4.241329E-07    7.075867E-06
      880    8.8000E-06    1.082450E+00    1.202669E-01    4.181225E-07    7.081878E-06
      890    8.9000E-06    1.082450E+00    1.202669E-01    4.123374E-07    7.087663E-06
      900    9.0000E-06    1.082450E+00    1.202668E-01    4.067689E-07    7.093231E-06
      910    9.1000E-06    1.082450E+00    1.202668E-01    4.014088E-07    7.098591E-06
      920    9.2000E-06    1.082450E+00    1.202668E-01    3.962489E-07    7.103751E-06
      930    9.3000E-06    1.082450E+00    1.202668E-01    3.912816E-07    7.108718E-06
      940    9.4000E-06    1.082450E+00    1.202668E-01    3.864995E-07    7.113500E-06
      950    9.5000E-06    1.082450E+00    1.202668E-01    3.818955E-07    7.118105E-06
      960    9.6000E-06    1.082450E+00    1.202668E-01    3.774628E-07    7.122537E-06
      970    9.7000E-06    1.082450E+00    1.202667E-01    3.731948E-07    7.126805E-06
      980    9.8000E-06    1.082450E+00    1.202667E-01    3.690853E-07    7.130915E-06
      990    9.9000E-06    1.082450E+00    1.202667E-01    3.651283E-07    7.134872E-06
     1000    1.0000E-05    1.082450E+00    1.202667E-01    3.613179E-07    7.138682E-06
     1010    1.0100E-05    1.082450E+00    1.202667E-01    3.576487E-07    7.142351E-06
     1020    1.0200E-05    1.082450E+00    1.202667E-01    3.541152E-07    7.145885E-06
     1030    1.0300E-05    1.082450E+00    1.202667E-01    3.507124E-07    7.149288E-06
     1040    1.0400E-05    1.082450E+00    1.202667E-01    3.474354E-07    7.152565E-06
     1050    1.0500E-05    1.082450E+00    1.202666E-01    3.442793E-07    7.155721E-06
     1060    1.0600E-05    1.082450E+00    1.202666E-01    3.412397E-07    7.158760E-06
     1070    1.0700E-05    1.082450E+00    1.202666E-01    3.383122E-07    7.161688E-06
     1080    1.0800E-05    1.082450E+00    1.202666E-01    3.354926E-07    7.164507E-06
     1090    1.0900E-05    1.082450E+00    1.202666E-01    3.327768E-07    7.167223E-06
     1100    1.1000E-05    1.082450E+00    1.202666E-01    3.301609E-07    7.169839E-06
     1110    1.1100E-05    1.082450E+00    1.202666E-01    3.276413E-07    7.172359E-06
     1120    1.1200E-05    1.082450E+00    1.202666E-01    3.252142E-07    7.174786E-06
     1130    1.1300E-05    1.082450E+00    1.202665E-01    3.228764E-07    7.177124E-06
     1140    1.1400E-05    1.082450E+00    1.202665E-01    3.206244E-07    7.179376E-06
     1150    1.1500E-05    1.082450E+00    1.202665E-01    3.184551E-07    7.181545E-06
     1160    1.1600E-05    1.082450E+00    1.202665E-01    3.163653E-07    7.183635E-06
     1170    1.1700E-05    1.082450E+00    1.202665E-01    3.143522E-07    7.185648E-06
     1180    1.1800E-05    1.082450E+00    1.202665E-01    3.124129E-07    7.187587E-06
     1190    1.1900E-05    1.082450E+00    1.202665E-01    3.105447E-07    7.189455E-06
     1200    1.2000E-05    1.082450E+00    1.202665E-01    3.087448E-07    7.191255E-06
     1210    1.2100E-05    1.082450E+00    1.202664E-01    3.070108E-07    7.192989E-06
     1220    1.2200E-05    1.082450E+00    1.202664E-01    3.053403E-07    7.194660E-06
     1230    1.2300E-05    1.082450E+00    1.202664E-01    3.037309E-07    7.196269E-06
     1240    1.2400E-05    1.082450E+00    1.202664E-01    3.021804E-07    7.197820E-06
     1250    1.2500E-05    1.082450E+00    1.202664E-01    3.006865E-07    7.199313E-06
     1260    1.2600E-05    1.082450E+00    1.202664E-01    2.992473E-07    7.200753E-06
     1270    1.2700E-05    1.082450E+00    1.202664E-01    2.978606E-07    7.202139E-06
     1280    1.2800E-05    1.082450E+00    1.202664E-01    2.965245E-07    7.203475E-06
     1290    1.2900E-05    1.082450E+00    1.202664E-01    2.952372E-07    7.204763E-06
     1300    1.3000E-05    1.082450E+00    1.202663E-01    2.939969E-07    7.206003E-06
     1310    1.3100E-05    1.082450E+00    1.202663E-01    2.928019E-07    7.207198E-06
     1320    1.3200E-05    1.082450E+00    1.202663E-01    2.916504E-07    7.208350E-06
     1330    1.3300E-05    1.082450E+00    1.202663E-01    2.905410E-07    7.209459E-06
     1340    1.3400E-05    1.082450E+00    1.202663E-01    2.894720E-07    7.210528E-06
     1350    1.3500E-05    1.082450E+00    1.202663E-01    2.884419E-07    7.211558E-06
     1360    1.3600E-05    1.082450E+00    1.202663E-01    2.874495E-07    7.212551E-06
     1370    1.3700E-05    1.082450E+00    1.202663E-01    2.864931E-07    7.213507E-06
     1380    1.3800E-05    1.082450E+00    1.202663E-01    2.855716E-07    7.214428E-06
     1390    1.3900E-05    1.082450E+00    1.202662E-01    2.846837E-07    7.215316E-06
     1400    1.4000E-05    1.082450E+00    1.202662E-01    2.838281E-07    7.216172E-06
     1410    1.4100E-05    1.082450E+00    1.202662E-01    2.830036E-07    7.216996E-06
     1420    1.4200E-05    1.082450E+00    1.202662E-01    2.822091E-07    7.217791E-06
     1430    1.4300E-05    1.082450E+00    1.202662E-01    2.814436E-07    7.218556E-06
     1440    1.4400E-05    1.082450E+00    1.202662E-01    2.807059E-07    7.219294E-06
     1450    1.4500E-05    1.082450E+00    1.202662E-01    2.799951E-07    7.220005E-06
     1460    1.4600E-05    1.082450E+00    1.202662E-01    2.793101E-07    7.220690E-06
     1470    1.4700E-05    1.082450E+00    1.202662E-01    2.786500E-07    7.221350E-06
     1480    1.4800E-05    1.082450E+00    1.202662E-01    2.780139E-07    7.221986E-06
     1490    1.4900E-05    1.082451E+00    1.202661E-01    2.774010E-07    7.222599E-06
     1500    1.5000E-05    1.082451E+00    1.202661E-01    2.768103E-07    7.223190E-06
     1510    1.5100E-05    1.082451E+00    1.202661E-01    2.762411E-07    7.223759E-06
     1520    1.5200E-05    1.082451E+00    1.202661E-01    2.756926E-07    7.224307E-06
     1530    1.5300E-05    1.082451E+00    1.202661E-01    2.751640E-07    7.224836E-06
     1540    1.5400E-05    1.082451E+00    1.202661E-01    2.746547E-07    7.225345E-06
     1550    1.5500E-05    1.082451E+00    1.202661E-01    2.741638E-07    7.225836E-06
     1560    1.5600E-05    1.082451E+00    1.202661E-01    2.736908E-07    7.226309E-06
     1570    1.5700E-05    1.082451E+00    1.202661E-01    2.732349E-07    7.226765E-06
     1580    1.5800E-05    1.082451E+00    1.202660E-01    2.727956E-07    7.227204E-06
     1590    1.5900E-05    1.082451E+00    1.202660E-01    2.723723E-07    7.227628E-06
     1600    1.6000E-05    1.082451E+00    1.202660E-01    2.719643E-07    7.228036E-06
     1610    1.6100E-05    1.082451E+00    1.202660E-01    2.715711E-07    7.228429E-06
     1620    1.6200E-05    1.082451E+00    1.202660E-01    2.711923E-07    7.228808E-06
     1630    1.6300E-05    1.082451E+00    1.202660E-01    2.708271E-07    7.229173E-06
     1640    1.6400E-05    1.082451E+00    1.202660E-01    2.704753E-07    7.229525E-06
     1650    1.6500E-05    1.082451E+00    1.202660E-01    2.701362E-07    7.229864E-06
     1660    1.6600E-05    1.082451E+00    1.202660E-01    2.698094E-07    7.230191E-06
     1670    1.6700E-05    1.082451E+00    1.202660E-01    2.694944E-07    7.230506E-06
     1680    1.6800E-05    1.082451E+00    1.202659E-01    2.691909E-07    7.230809E-06
     1690    1.6900E-05    1.082451E+00    1.202659E-01    2.688984E-07    7.231102E-06
     1700    1.7000E-05    1.082451E+00    1.202659E-01    2.686165E-07    7.231383E-06
     1710    1.7100E-05    1.082451E+00    1.202659E-01    2.683449E-07    7.231655E-06
     1720    1.7200E-05    1.082451E+00    1.202659E-01    2.680831E-07    7.231917E-06
     1730    1.7300E-05    1.082451E+00    1.202659E-01    2.678308E-07    7.232169E-06
     1740    1.7400E-05    1.082451E+00    1.202659E-01    2.675877E-07    7.232412E-06
     1750    1.7500E-05    1.082451E+00    1.202659E-01    2.673533E-07    7.232647E-06
     1760    1.7600E-05    1.082451E+00    1.202659E-01    2.671275E-07    7.232873E-06
     1770    1.7700E-05    1.082451E+00    1.202658E-01    2.669099E-07    7.233090E-06
     1780    1.7800E-05    1.082451E+00    1.202658E-01    2.667001E-07    7.233300E-06
     1790    1.7900E-05    1.082451E+00    1.202658E-01    2.664980E-07    7.233502E-06
     1800    1.8000E-05    1.082451E+00    1.202658E-01    2.663032E-07    7.233697E-06
     1810    1.8100E-05    1.082451E+00    1.202658E-01    2.661154E-07    7.233885E-06
     1820    1.8200E-05    1.082451E+00    1.202658E-01    2.659345E-07    7.234065E-06
     1830    1.8300E-05    1.082451E+00    1.202658E-01    2.657601E-07    7.234240E-06
     1840    1.8400E-05    1.082451E+00    1.202658E-01    2.655921E-07    7.234408E-06
     1850    1.8500E-05    1.082451E+00    1.202658E-01    2.654301E-07    7.234570E-06
     1860    1.8600E-05    1.082451E+00    1.202658E-01    2.652740E-07    7.234726E-06
     1870    1.8700E-05    1.082451E+00    1.202657E-01    2.651236E-07    7.234876E-06
     1880    1.8800E-05    1.082451E+00    1.202657E-01    2.649787E-07    7.235021E-06
     1890    1.8900E-05    1.082451E+00    1.202657E-01    2.648389E-07    7.235161E-06
     1900    1.9000E-05    1.082451E+00    1.202657E-01    2.647043E-07    7.235296E-06
     1910    1.9100E-05    1.082451E+00    1.202657E-01    2.645745E-07    7.235425E-06
     1920    1.9200E-05    1.082451E+00    1.202657E-01    2.644495E-07    7.235551E-06
     1930    1.9300E-05    1.082451E+00    1.202657E-01    2.643289E-07    7.235671E-06
     1940    1.9400E-05    1.082451E+00    1.202657E-01    2.642128E-07    7.235787E-06
     1950    1.9500E-05    1.082451E+00    1.202657E-01    2.641008E-07    7.235899E-06
     1960    1.9600E-05    1.082451E+00    1.202657E-01    2.639929E-07    7.236007E-06
     1970    1.9700E-05    1.082451E+00    1.202656E-01    2.638889E-07    7.236111E-06
     1980    1.9800E-05    1.082451E+00    1.202656E-01    2.637887E-07    7.236211E-06
     1990    1.9900E-05    1.082451E+00    1.202656E-01    2.636921E-07    7.236308E-06
     2000    2.0000E-05    1.082451E+00    1.202656E-01    2.635991E-07    7.236401E-06
