variables = iteration          time             xO2              xO          xE(s1)          xO(s1)
zone f=point t=Marschall
        0    0.0000E+00    1.082445E+00    1.202717E-01    7.500000E-06    1.000000E-15
        1    1.0000E-09    1.082445E+00    1.202717E-01    7.496745E-06    3.255428E-09
        2    2.0000E-09    1.082445E+00    1.202717E-01    7.492407E-06    7.593162E-09
        3    3.0000E-09    1.082445E+00    1.202717E-01    7.487711E-06    1.228860E-08
        4    4.0000E-09    1.082445E+00    1.202717E-01    7.482900E-06    1.710012E-08
        5    5.0000E-09    1.082445E+00    1.202717E-01    7.478053E-06    2.194717E-08
        6    6.0000E-09    1.082445E+00    1.202717E-01    7.473197E-06    2.680291E-08
        7    7.0000E-09    1.082445E+00    1.202717E-01    7.468342E-06    3.165836E-08
        8    8.0000E-09    1.082445E+00    1.202716E-01    7.463489E-06    3.651056E-08
        9    9.0000E-09    1.082445E+00    1.202716E-01    7.458641E-06    4.135851E-08
       10    1.0000E-08    1.082445E+00    1.202716E-01    7.453798E-06    4.620189E-08
       11    1.1000E-08    1.082445E+00    1.202716E-01    7.448959E-06    5.104060E-08
       12    1.2000E-08    1.082445E+00    1.202716E-01    7.444125E-06    5.587460E-08
       13    1.3000E-08    1.082445E+00    1.202716E-01    7.439296E-06    6.070388E-08
       14    1.4000E-08    1.082445E+00    1.202716E-01    7.434472E-06    6.552846E-08
       15    1.5000E-08    1.082445E+00    1.202716E-01    7.429652E-06    7.034834E-08
       16    1.6000E-08    1.082445E+00    1.202716E-01    7.424836E-06    7.516352E-08
       17    1.7000E-08    1.082445E+00    1.202716E-01    7.420026E-06    7.997400E-08
       18    1.8000E-08    1.082445E+00    1.202716E-01    7.415220E-06    8.477981E-08
       19    1.9000E-08    1.082445E+00    1.202716E-01    7.410419E-06    8.958093E-08
       20    2.0000E-08    1.082445E+00    1.202716E-01    7.405623E-06    9.437738E-08
       21    2.1000E-08    1.082445E+00    1.202716E-01    7.400831E-06    9.916917E-08
       22    2.2000E-08    1.082445E+00    1.202716E-01    7.396044E-06    1.039563E-07
       23    2.3000E-08    1.082445E+00    1.202716E-01    7.391261E-06    1.087388E-07
       24    2.4000E-08    1.082445E+00    1.202716E-01    7.386483E-06    1.135166E-07
       25    2.5000E-08    1.082445E+00    1.202716E-01    7.381710E-06    1.182898E-07
       26    2.6000E-08    1.082445E+00    1.202716E-01    7.376942E-06    1.230584E-07
       27    2.7000E-08    1.082445E+00    1.202716E-01    7.372178E-06    1.278223E-07
       28    2.8000E-08    1.082445E+00    1.202716E-01    7.367418E-06    1.325816E-07
       29    2.9000E-08    1.082445E+00    1.202716E-01    7.362664E-06    1.373363E-07
       30    3.0000E-08    1.082445E+00    1.202716E-01    7.357914E-06    1.420864E-07
       31    3.1000E-08    1.082445E+00    1.202716E-01    7.353168E-06    1.468319E-07
       32    3.2000E-08    1.082445E+00    1.202716E-01    7.348427E-06    1.515728E-07
       33    3.3000E-08    1.082445E+00    1.202716E-01    7.343691E-06    1.563091E-07
       34    3.4000E-08    1.082445E+00    1.202716E-01    7.338959E-06    1.610408E-07
       35    3.5000E-08    1.082445E+00    1.202716E-01    7.334232E-06    1.657679E-07
       36    3.6000E-08    1.082445E+00    1.202716E-01    7.329509E-06    1.704905E-07
       37    3.7000E-08    1.082445E+00    1.202716E-01    7.324791E-06    1.752085E-07
       38    3.8000E-08    1.082445E+00    1.202716E-01    7.320078E-06    1.799220E-07
       39    3.9000E-08    1.082445E+00    1.202716E-01    7.315369E-06    1.846309E-07
       40    4.0000E-08    1.082445E+00    1.202716E-01    7.310665E-06    1.893353E-07
       41    4.1000E-08    1.082445E+00    1.202716E-01    7.305965E-06    1.940351E-07
       42    4.2000E-08    1.082445E+00    1.202716E-01    7.301270E-06    1.987304E-07
       43    4.3000E-08    1.082445E+00    1.202716E-01    7.296579E-06    2.034212E-07
       44    4.4000E-08    1.082445E+00    1.202716E-01    7.291893E-06    2.081074E-07
       45    4.5000E-08    1.082445E+00    1.202716E-01    7.287211E-06    2.127891E-07
       46    4.6000E-08    1.082445E+00    1.202716E-01    7.282534E-06    2.174664E-07
       47    4.7000E-08    1.082445E+00    1.202716E-01    7.277861E-06    2.221391E-07
       48    4.8000E-08    1.082445E+00    1.202716E-01    7.273193E-06    2.268073E-07
       49    4.9000E-08    1.082445E+00    1.202716E-01    7.268529E-06    2.314711E-07
       50    5.0000E-08    1.082445E+00    1.202716E-01    7.263870E-06    2.361304E-07
       51    5.1000E-08    1.082445E+00    1.202716E-01    7.259215E-06    2.407851E-07
       52    5.2000E-08    1.082445E+00    1.202716E-01    7.254565E-06    2.454355E-07
       53    5.3000E-08    1.082445E+00    1.202716E-01    7.249919E-06    2.500813E-07
       54    5.4000E-08    1.082445E+00    1.202716E-01    7.245277E-06    2.547227E-07
       55    5.5000E-08    1.082445E+00    1.202716E-01    7.240640E-06    2.593597E-07
       56    5.6000E-08    1.082445E+00    1.202716E-01    7.236008E-06    2.639922E-07
       57    5.7000E-08    1.082445E+00    1.202715E-01    7.231380E-06    2.686202E-07
       58    5.8000E-08    1.082445E+00    1.202715E-01    7.226756E-06    2.732438E-07
       59    5.9000E-08    1.082445E+00    1.202715E-01    7.222137E-06    2.778630E-07
       60    6.0000E-08    1.082445E+00    1.202715E-01    7.217522E-06    2.824778E-07
       61    6.1000E-08    1.082445E+00    1.202715E-01    7.212912E-06    2.870882E-07
       62    6.2000E-08    1.082445E+00    1.202715E-01    7.208306E-06    2.916941E-07
       63    6.3000E-08    1.082445E+00    1.202715E-01    7.203704E-06    2.962957E-07
       64    6.4000E-08    1.082445E+00    1.202715E-01    7.199107E-06    3.008929E-07
       65    6.5000E-08    1.082445E+00    1.202715E-01    7.194514E-06    3.054856E-07
       66    6.6000E-08    1.082445E+00    1.202715E-01    7.189926E-06    3.100740E-07
       67    6.7000E-08    1.082445E+00    1.202715E-01    7.185342E-06    3.146580E-07
       68    6.8000E-08    1.082445E+00    1.202715E-01    7.180762E-06    3.192376E-07
       69    6.9000E-08    1.082445E+00    1.202715E-01    7.176187E-06    3.238129E-07
       70    7.0000E-08    1.082445E+00    1.202715E-01    7.171616E-06    3.283838E-07
       71    7.1000E-08    1.082445E+00    1.202715E-01    7.167050E-06    3.329503E-07
       72    7.2000E-08    1.082445E+00    1.202715E-01    7.162487E-06    3.375125E-07
       73    7.3000E-08    1.082445E+00    1.202715E-01    7.157930E-06    3.420704E-07
       74    7.4000E-08    1.082445E+00    1.202715E-01    7.153376E-06    3.466239E-07
       75    7.5000E-08    1.082445E+00    1.202715E-01    7.148827E-06    3.511730E-07
       76    7.6000E-08    1.082445E+00    1.202715E-01    7.144282E-06    3.557179E-07
       77    7.7000E-08    1.082445E+00    1.202715E-01    7.139742E-06    3.602584E-07
       78    7.8000E-08    1.082445E+00    1.202715E-01    7.135205E-06    3.647946E-07
       79    7.9000E-08    1.082445E+00    1.202715E-01    7.130673E-06    3.693265E-07
       80    8.0000E-08    1.082445E+00    1.202715E-01    7.126146E-06    3.738542E-07
       81    8.1000E-08    1.082445E+00    1.202715E-01    7.121623E-06    3.783775E-07
       82    8.2000E-08    1.082445E+00    1.202715E-01    7.117104E-06    3.828965E-07
       83    8.3000E-08    1.082445E+00    1.202715E-01    7.112589E-06    3.874112E-07
       84    8.4000E-08    1.082445E+00    1.202715E-01    7.108078E-06    3.919217E-07
       85    8.5000E-08    1.082445E+00    1.202715E-01    7.103572E-06    3.964278E-07
       86    8.6000E-08    1.082445E+00    1.202715E-01    7.099070E-06    4.009298E-07
       87    8.7000E-08    1.082445E+00    1.202715E-01    7.094573E-06    4.054274E-07
       88    8.8000E-08    1.082445E+00    1.202715E-01    7.090079E-06    4.099208E-07
       89    8.9000E-08    1.082445E+00    1.202715E-01    7.085590E-06    4.144099E-07
       90    9.0000E-08    1.082445E+00    1.202715E-01    7.081105E-06    4.188948E-07
       91    9.1000E-08    1.082445E+00    1.202715E-01    7.076624E-06    4.233755E-07
       92    9.2000E-08    1.082445E+00    1.202715E-01    7.072148E-06    4.278519E-07
       93    9.3000E-08    1.082445E+00    1.202715E-01    7.067676E-06    4.323241E-07
       94    9.4000E-08    1.082445E+00    1.202715E-01    7.063208E-06    4.367921E-07
       95    9.5000E-08    1.082445E+00    1.202715E-01    7.058744E-06    4.412559E-07
       96    9.6000E-08    1.082445E+00    1.202715E-01    7.054285E-06    4.457154E-07
       97    9.7000E-08    1.082445E+00    1.202715E-01    7.049829E-06    4.501707E-07
       98    9.8000E-08    1.082445E+00    1.202715E-01    7.045378E-06    4.546219E-07
       99    9.9000E-08    1.082445E+00    1.202715E-01    7.040931E-06    4.590688E-07
      100    1.0000E-07    1.082445E+00    1.202715E-01    7.036488E-06    4.635116E-07
       20    2.0000E-07    1.082445E+00    1.202713E-01    6.630928E-06    8.690723E-07
       30    3.0000E-07    1.082446E+00    1.202711E-01    6.242049E-06    1.257951E-06
       40    4.0000E-07    1.082446E+00    1.202709E-01    5.885758E-06    1.614242E-06
       50    5.0000E-07    1.082446E+00    1.202708E-01    5.558338E-06    1.941662E-06
       60    6.0000E-07    1.082446E+00    1.202706E-01    5.256613E-06    2.243387E-06
       70    7.0000E-07    1.082446E+00    1.202705E-01    4.977855E-06    2.522145E-06
       80    8.0000E-07    1.082446E+00    1.202703E-01    4.719708E-06    2.780292E-06
       90    9.0000E-07    1.082446E+00    1.202702E-01    4.480123E-06    3.019877E-06
      100    1.0000E-06    1.082447E+00    1.202701E-01    4.257316E-06    3.242684E-06
      110    1.1000E-06    1.082447E+00    1.202700E-01    4.049719E-06    3.450281E-06
      120    1.2000E-06    1.082447E+00    1.202698E-01    3.855955E-06    3.644045E-06
      130    1.3000E-06    1.082447E+00    1.202697E-01    3.674804E-06    3.825196E-06
      140    1.4000E-06    1.082447E+00    1.202696E-01    3.505185E-06    3.994815E-06
      150    1.5000E-06    1.082447E+00    1.202695E-01    3.346136E-06    4.153864E-06
      160    1.6000E-06    1.082447E+00    1.202694E-01    3.196798E-06    4.303202E-06
      170    1.7000E-06    1.082447E+00    1.202693E-01    3.056400E-06    4.443600E-06
      180    1.8000E-06    1.082447E+00    1.202693E-01    2.924251E-06    4.575749E-06
      190    1.9000E-06    1.082447E+00    1.202692E-01    2.799725E-06    4.700275E-06
      200    2.0000E-06    1.082448E+00    1.202691E-01    2.682260E-06    4.817740E-06
      210    2.1000E-06    1.082448E+00    1.202690E-01    2.571345E-06    4.928655E-06
      220    2.2000E-06    1.082448E+00    1.202689E-01    2.466517E-06    5.033483E-06
      230    2.3000E-06    1.082448E+00    1.202689E-01    2.367354E-06    5.132646E-06
      240    2.4000E-06    1.082448E+00    1.202688E-01    2.273470E-06    5.226530E-06
      250    2.5000E-06    1.082448E+00    1.202687E-01    2.184514E-06    5.315486E-06
      260    2.6000E-06    1.082448E+00    1.202687E-01    2.100164E-06    5.399836E-06
      270    2.7000E-06    1.082448E+00    1.202686E-01    2.020124E-06    5.479876E-06
      280    2.8000E-06    1.082448E+00    1.202686E-01    1.944123E-06    5.555877E-06
      290    2.9000E-06    1.082448E+00    1.202685E-01    1.871910E-06    5.628090E-06
      300    3.0000E-06    1.082448E+00    1.202684E-01    1.803255E-06    5.696745E-06
      310    3.1000E-06    1.082448E+00    1.202684E-01    1.737944E-06    5.762056E-06
      320    3.2000E-06    1.082448E+00    1.202683E-01    1.675780E-06    5.824220E-06
      330    3.3000E-06    1.082448E+00    1.202683E-01    1.616581E-06    5.883419E-06
      340    3.4000E-06    1.082448E+00    1.202682E-01    1.560176E-06    5.939824E-06
      350    3.5000E-06    1.082448E+00    1.202682E-01    1.506408E-06    5.993592E-06
      360    3.6000E-06    1.082448E+00    1.202682E-01    1.455131E-06    6.044869E-06
      370    3.7000E-06    1.082449E+00    1.202681E-01    1.406208E-06    6.093792E-06
      380    3.8000E-06    1.082449E+00    1.202681E-01    1.359512E-06    6.140488E-06
      390    3.9000E-06    1.082449E+00    1.202680E-01    1.314923E-06    6.185077E-06
      400    4.0000E-06    1.082449E+00    1.202680E-01    1.272330E-06    6.227670E-06
      410    4.1000E-06    1.082449E+00    1.202679E-01    1.231630E-06    6.268370E-06
      420    4.2000E-06    1.082449E+00    1.202679E-01    1.192725E-06    6.307275E-06
      430    4.3000E-06    1.082449E+00    1.202679E-01    1.155523E-06    6.344477E-06
      440    4.4000E-06    1.082449E+00    1.202678E-01    1.119939E-06    6.380061E-06
      450    4.5000E-06    1.082449E+00    1.202678E-01    1.085892E-06    6.414108E-06
      460    4.6000E-06    1.082449E+00    1.202678E-01    1.053306E-06    6.446694E-06
      470    4.7000E-06    1.082449E+00    1.202677E-01    1.022111E-06    6.477889E-06
      480    4.8000E-06    1.082449E+00    1.202677E-01    9.922380E-07    6.507762E-06
      490    4.9000E-06    1.082449E+00    1.202677E-01    9.636247E-07    6.536375E-06
      500    5.0000E-06    1.082449E+00    1.202676E-01    9.362113E-07    6.563789E-06
      510    5.1000E-06    1.082449E+00    1.202676E-01    9.099412E-07    6.590059E-06
      520    5.2000E-06    1.082449E+00    1.202676E-01    8.847612E-07    6.615239E-06
      530    5.3000E-06    1.082449E+00    1.202676E-01    8.606209E-07    6.639379E-06
      540    5.4000E-06    1.082449E+00    1.202675E-01    8.374726E-07    6.662527E-06
      550    5.5000E-06    1.082449E+00    1.202675E-01    8.152713E-07    6.684729E-06
      560    5.6000E-06    1.082449E+00    1.202675E-01    7.939742E-07    6.706026E-06
      570    5.7000E-06    1.082449E+00    1.202675E-01    7.735408E-07    6.726459E-06
      580    5.8000E-06    1.082449E+00    1.202674E-01    7.539327E-07    6.746067E-06
      590    5.9000E-06    1.082449E+00    1.202674E-01    7.351134E-07    6.764887E-06
      600    6.0000E-06    1.082449E+00    1.202674E-01    7.170483E-07    6.782952E-06
      610    6.1000E-06    1.082449E+00    1.202674E-01    6.997045E-07    6.800295E-06
      620    6.2000E-06    1.082449E+00    1.202673E-01    6.830509E-07    6.816949E-06
      630    6.3000E-06    1.082449E+00    1.202673E-01    6.670576E-07    6.832942E-06
      640    6.4000E-06    1.082449E+00    1.202673E-01    6.516964E-07    6.848304E-06
      650    6.5000E-06    1.082449E+00    1.202673E-01    6.369405E-07    6.863060E-06
      660    6.6000E-06    1.082449E+00    1.202673E-01    6.227641E-07    6.877236E-06
      670    6.7000E-06    1.082449E+00    1.202672E-01    6.091430E-07    6.890857E-06
      680    6.8000E-06    1.082449E+00    1.202672E-01    5.960538E-07    6.903946E-06
      690    6.9000E-06    1.082449E+00    1.202672E-01    5.834744E-07    6.916526E-06
      700    7.0000E-06    1.082449E+00    1.202672E-01    5.713836E-07    6.928616E-06
      710    7.1000E-06    1.082449E+00    1.202672E-01    5.597613E-07    6.940239E-06
      720    7.2000E-06    1.082450E+00    1.202671E-01    5.485882E-07    6.951412E-06
      730    7.3000E-06    1.082450E+00    1.202671E-01    5.378459E-07    6.962154E-06
      740    7.4000E-06    1.082450E+00    1.202671E-01    5.275170E-07    6.972483E-06
      750    7.5000E-06    1.082450E+00    1.202671E-01    5.175846E-07    6.982415E-06
      760    7.6000E-06    1.082450E+00    1.202671E-01    5.080326E-07    6.991967E-06
      770    7.7000E-06    1.082450E+00    1.202670E-01    4.988459E-07    7.001154E-06
      780    7.8000E-06    1.082450E+00    1.202670E-01    4.900096E-07    7.009990E-06
      790    7.9000E-06    1.082450E+00    1.202670E-01    4.815099E-07    7.018490E-06
      800    8.0000E-06    1.082450E+00    1.202670E-01    4.733333E-07    7.026667E-06
      810    8.1000E-06    1.082450E+00    1.202670E-01    4.654671E-07    7.034533E-06
      820    8.2000E-06    1.082450E+00    1.202670E-01    4.578988E-07    7.042101E-06
      830    8.3000E-06    1.082450E+00    1.202669E-01    4.506167E-07    7.049383E-06
      840    8.4000E-06    1.082450E+00    1.202669E-01    4.436097E-07    7.056390E-06
      850    8.5000E-06    1.082450E+00    1.202669E-01    4.368669E-07    7.063133E-06
      860    8.6000E-06    1.082450E+00    1.202669E-01    4.303779E-07    7.069622E-06
      870    8.7000E-06    1.082450E+00    1.202669E-01    4.241329E-07    7.075867E-06
      880    8.8000E-06    1.082450E+00    1.202669E-01    4.181225E-07    7.081878E-06
      890    8.9000E-06    1.082450E+00    1.202669E-01    4.123374E-07    7.087663E-06
      900    9.0000E-06    1.082450E+00    1.202668E-01    4.067689E-07    7.093231E-06
      910    9.1000E-06    1.082450E+00    1.202668E-01    4.014088E-07    7.098591E-06
      920    9.2000E-06    1.082450E+00    1.202668E-01    3.962489E-07    7.103751E-06
      930    9.3000E-06    1.082450E+00    1.202668E-01    3.912816E-07    7.108718E-06
      940    9.4000E-06    1.082450E+00    1.202668E-01    3.864995E-07    7.113500E-06
      950    9.5000E-06    1.082450E+00    1.202668E-01    3.818955E-07    7.118105E-06
      960    9.6000E-06    1.082450E+00    1.202668E-01    3.774628E-07    7.122537E-06
      970    9.7000E-06    1.082450E+00    1.202667E-01    3.731948E-07    7.126805E-06
      980    9.8000E-06    1.082450E+00    1.202667E-01    3.690853E-07    7.130915E-06
      990    9.9000E-06    1.082450E+00    1.202667E-01    3.651283E-07    7.134872E-06
     1000    1.0000E-05    1.082450E+00    1.202667E-01    3.613179E-07    7.138682E-06
     1010    1.0100E-05    1.082450E+00    1.202667E-01    3.576487E-07    7.142351E-06
     1020    1.0200E-05    1.082450E+00    1.202667E-01    3.541152E-07    7.145885E-06
     1030    1.0300E-05    1.082450E+00    1.202667E-01    3.507124E-07    7.149288E-06
     1040    1.0400E-05    1.082450E+00    1.202667E-01    3.474354E-07    7.152565E-06
     1050    1.0500E-05    1.082450E+00    1.202666E-01    3.442793E-07    7.155721E-06
     1060    1.0600E-05    1.082450E+00    1.202666E-01    3.412397E-07    7.158760E-06
     1070    1.0700E-05    1.082450E+00    1.202666E-01    3.383122E-07    7.161688E-06
     1080    1.0800E-05    1.082450E+00    1.202666E-01    3.354926E-07    7.164507E-06
     1090    1.0900E-05    1.082450E+00    1.202666E-01    3.327768E-07    7.167223E-06
     1100    1.1000E-05    1.082450E+00    1.202666E-01    3.301609E-07    7.169839E-06
     1110    1.1100E-05    1.082450E+00    1.202666E-01    3.276413E-07    7.172359E-06
     1120    1.1200E-05    1.082450E+00    1.202666E-01    3.252142E-07    7.174786E-06
     1130    1.1300E-05    1.082450E+00    1.202665E-01    3.228764E-07    7.177124E-06
     1140    1.1400E-05    1.082450E+00    1.202665E-01    3.206244E-07    7.179376E-06
     1150    1.1500E-05    1.082450E+00    1.202665E-01    3.184551E-07    7.181545E-06
     1160    1.1600E-05    1.082450E+00    1.202665E-01    3.163653E-07    7.183635E-06
     1170    1.1700E-05    1.082450E+00    1.202665E-01    3.143522E-07    7.185648E-06
     1180    1.1800E-05    1.082450E+00    1.202665E-01    3.124129E-07    7.187587E-06
     1190    1.1900E-05    1.082450E+00    1.202665E-01    3.105447E-07    7.189455E-06
     1200    1.2000E-05    1.082450E+00    1.202665E-01    3.087448E-07    7.191255E-06
     1210    1.2100E-05    1.082450E+00    1.202664E-01    3.070108E-07    7.192989E-06
     1220    1.2200E-05    1.082450E+00    1.202664E-01    3.053403E-07    7.194660E-06
     1230    1.2300E-05    1.082450E+00    1.202664E-01    3.037309E-07    7.196269E-06
     1240    1.2400E-05    1.082450E+00    1.202664E-01    3.021804E-07    7.197820E-06
     1250    1.2500E-05    1.082450E+00    1.202664E-01    3.006865E-07    7.199313E-06
     1260    1.2600E-05    1.082450E+00    1.202664E-01    2.992473E-07    7.200753E-06
     1270    1.2700E-05    1.082450E+00    1.202664E-01    2.978606E-07    7.202139E-06
     1280    1.2800E-05    1.082450E+00    1.202664E-01    2.965245E-07    7.203475E-06
     1290    1.2900E-05    1.082450E+00    1.202664E-01    2.952372E-07    7.204763E-06
     1300    1.3000E-05    1.082450E+00    1.202663E-01    2.939969E-07    7.206003E-06
     1310    1.3100E-05    1.082450E+00    1.202663E-01    2.928019E-07    7.207198E-06
     1320    1.3200E-05    1.082450E+00    1.202663E-01    2.916504E-07    7.208350E-06
     1330    1.3300E-05    1.082450E+00    1.202663E-01    2.905410E-07    7.209459E-06
     1340    1.3400E-05    1.082450E+00    1.202663E-01    2.894720E-07    7.210528E-06
     1350    1.3500E-05    1.082450E+00    1.202663E-01    2.884419E-07    7.211558E-06
     1360    1.3600E-05    1.082450E+00    1.202663E-01    2.874495E-07    7.212551E-06
     1370    1.3700E-05    1.082450E+00    1.202663E-01    2.864931E-07    7.213507E-06
     1380    1.3800E-05    1.082450E+00    1.202663E-01    2.855716E-07    7.214428E-06
     1390    1.3900E-05    1.082450E+00    1.202662E-01    2.846837E-07    7.215316E-06
     1400    1.4000E-05    1.082450E+00    1.202662E-01    2.838281E-07    7.216172E-06
     1410    1.4100E-05    1.082450E+00    1.202662E-01    2.830036E-07    7.216996E-06
     1420    1.4200E-05    1.082450E+00    1.202662E-01    2.822091E-07    7.217791E-06
     1430    1.4300E-05    1.082450E+00    1.202662E-01    2.814436E-07    7.218556E-06
     1440    1.4400E-05    1.082450E+00    1.202662E-01    2.807059E-07    7.219294E-06
     1450    1.4500E-05    1.082450E+00    1.202662E-01    2.799951E-07    7.220005E-06
     1460    1.4600E-05    1.082450E+00    1.202662E-01    2.793101E-07    7.220690E-06
     1470    1.4700E-05    1.082450E+00    1.202662E-01    2.786500E-07    7.221350E-06
     1480    1.4800E-05    1.082450E+00    1.202662E-01    2.780139E-07    7.221986E-06
     1490    1.4900E-05    1.082451E+00    1.202661E-01    2.774010E-07    7.222599E-06
     1500    1.5000E-05    1.082451E+00    1.202661E-01    2.768103E-07    7.223190E-06
     1510    1.5100E-05    1.082451E+00    1.202661E-01    2.762411E-07    7.223759E-06
     1520    1.5200E-05    1.082451E+00    1.202661E-01    2.756926E-07    7.224307E-06
     1530    1.5300E-05    1.082451E+00    1.202661E-01    2.751640E-07    7.224836E-06
     1540    1.5400E-05    1.082451E+00    1.202661E-01    2.746547E-07    7.225345E-06
     1550    1.5500E-05    1.082451E+00    1.202661E-01    2.741638E-07    7.225836E-06
     1560    1.5600E-05    1.082451E+00    1.202661E-01    2.736908E-07    7.226309E-06
     1570    1.5700E-05    1.082451E+00    1.202661E-01    2.732349E-07    7.226765E-06
     1580    1.5800E-05    1.082451E+00    1.202660E-01    2.727956E-07    7.227204E-06
     1590    1.5900E-05    1.082451E+00    1.202660E-01    2.723723E-07    7.227628E-06
     1600    1.6000E-05    1.082451E+00    1.202660E-01    2.719643E-07    7.228036E-06
     1610    1.6100E-05    1.082451E+00    1.202660E-01    2.715711E-07    7.228429E-06
     1620    1.6200E-05    1.082451E+00    1.202660E-01    2.711923E-07    7.228808E-06
     1630    1.6300E-05    1.082451E+00    1.202660E-01    2.708271E-07    7.229173E-06
     1640    1.6400E-05    1.082451E+00    1.202660E-01    2.704753E-07    7.229525E-06
     1650    1.6500E-05    1.082451E+00    1.202660E-01    2.701362E-07    7.229864E-06
     1660    1.6600E-05    1.082451E+00    1.202660E-01    2.698094E-07    7.230191E-06
     1670    1.6700E-05    1.082451E+00    1.202660E-01    2.694944E-07    7.230506E-06
     1680    1.6800E-05    1.082451E+00    1.202659E-01    2.691909E-07    7.230809E-06
     1690    1.6900E-05    1.082451E+00    1.202659E-01    2.688984E-07    7.231102E-06
     1700    1.7000E-05    1.082451E+00    1.202659E-01    2.686165E-07    7.231383E-06
     1710    1.7100E-05    1.082451E+00    1.202659E-01    2.683449E-07    7.231655E-06
     1720    1.7200E-05    1.082451E+00    1.202659E-01    2.680831E-07    7.231917E-06
     1730    1.7300E-05    1.082451E+00    1.202659E-01    2.678308E-07    7.232169E-06
     1740    1.7400E-05    1.082451E+00    1.202659E-01    2.675877E-07    7.232412E-06
     1750    1.7500E-05    1.082451E+00    1.202659E-01    2.673533E-07    7.232647E-06
     1760    1.7600E-05    1.082451E+00    1.202659E-01    2.671275E-07    7.232873E-06
     1770    1.7700E-05    1.082451E+00    1.202658E-01    2.669099E-07    7.233090E-06
     1780    1.7800E-05    1.082451E+00    1.202658E-01    2.667001E-07    7.233300E-06
     1790    1.7900E-05    1.082451E+00    1.202658E-01    2.664980E-07    7.233502E-06
     1800    1.8000E-05    1.082451E+00    1.202658E-01    2.663032E-07    7.233697E-06
     1810    1.8100E-05    1.082451E+00    1.202658E-01    2.661154E-07    7.233885E-06
     1820    1.8200E-05    1.082451E+00    1.202658E-01    2.659345E-07    7.234065E-06
     1830    1.8300E-05    1.082451E+00    1.202658E-01    2.657601E-07    7.234240E-06
     1840    1.8400E-05    1.082451E+00    1.202658E-01    2.655921E-07    7.234408E-06
     1850    1.8500E-05    1.082451E+00    1.202658E-01    2.654301E-07    7.234570E-06
     1860    1.8600E-05    1.082451E+00    1.202658E-01    2.652740E-07    7.234726E-06
     1870    1.8700E-05    1.082451E+00    1.202657E-01    2.651236E-07    7.234876E-06
     1880    1.8800E-05    1.082451E+00    1.202657E-01    2.649787E-07    7.235021E-06
     1890    1.8900E-05    1.082451E+00    1.202657E-01    2.648389E-07    7.235161E-06
     1900    1.9000E-05    1.082451E+00    1.202657E-01    2.647043E-07    7.235296E-06
     1910    1.9100E-05    1.082451E+00    1.202657E-01    2.645745E-07    7.235425E-06
     1920    1.9200E-05    1.082451E+00    1.202657E-01    2.644495E-07    7.235551E-06
     1930    1.9300E-05    1.082451E+00    1.202657E-01    2.643289E-07    7.235671E-06
     1940    1.9400E-05    1.082451E+00    1.202657E-01    2.642128E-07    7.235787E-06
     1950    1.9500E-05    1.082451E+00    1.202657E-01    2.641008E-07    7.235899E-06
     1960    1.9600E-05    1.082451E+00    1.202657E-01    2.639929E-07    7.236007E-06
     1970    1.9700E-05    1.082451E+00    1.202656E-01    2.638889E-07    7.236111E-06
     1980    1.9800E-05    1.082451E+00    1.202656E-01    2.637887E-07    7.236211E-06
     1990    1.9900E-05    1.082451E+00    1.202656E-01    2.636921E-07    7.236308E-06
     2000    2.0000E-05    1.082451E+00    1.202656E-01    2.635991E-07    7.236401E-06
     1000    1.0000E-02    1.083473E+00    1.192440E-01    2.624526E-07    7.237547E-06
     2000    2.0000E-02    1.084486E+00    1.182309E-01    2.637913E-07    7.236209E-06
     3000    3.0000E-02    1.085495E+00    1.172218E-01    2.651444E-07    7.234856E-06
     4000    4.0000E-02    1.086500E+00    1.162169E-01    2.665121E-07    7.233488E-06
     5000    5.0000E-02    1.087501E+00    1.152161E-01    2.678948E-07    7.232105E-06
     6000    6.0000E-02    1.088497E+00    1.142194E-01    2.692924E-07    7.230708E-06
     7000    7.0000E-02    1.089490E+00    1.132268E-01    2.707053E-07    7.229295E-06
     8000    8.0000E-02    1.090478E+00    1.122384E-01    2.721336E-07    7.227866E-06
     9000    9.0000E-02    1.091463E+00    1.112541E-01    2.735775E-07    7.226423E-06
    10000    1.0000E-01    1.092443E+00    1.102740E-01    2.750373E-07    7.224963E-06
    11000    1.1000E-01    1.093419E+00    1.092979E-01    2.765131E-07    7.223487E-06
    12000    1.2000E-01    1.094391E+00    1.083260E-01    2.780051E-07    7.221995E-06
    13000    1.3000E-01    1.095358E+00    1.073583E-01    2.795137E-07    7.220486E-06
    14000    1.4000E-01    1.096322E+00    1.063947E-01    2.810389E-07    7.218961E-06
    15000    1.5000E-01    1.097281E+00    1.054352E-01    2.825810E-07    7.217419E-06
    16000    1.6000E-01    1.098237E+00    1.044798E-01    2.841402E-07    7.215860E-06
    17000    1.7000E-01    1.099188E+00    1.035286E-01    2.857167E-07    7.214283E-06
    18000    1.8000E-01    1.100135E+00    1.025816E-01    2.873108E-07    7.212689E-06
    19000    1.9000E-01    1.101078E+00    1.016387E-01    2.889227E-07    7.211077E-06
    20000    2.0000E-01    1.102017E+00    1.006999E-01    2.905527E-07    7.209447E-06
    21000    2.1000E-01    1.102951E+00    9.976529E-02    2.922008E-07    7.207799E-06
    22000    2.2000E-01    1.103882E+00    9.883483E-02    2.938675E-07    7.206133E-06
    23000    2.3000E-01    1.104808E+00    9.790852E-02    2.955529E-07    7.204447E-06
    24000    2.4000E-01    1.105730E+00    9.698637E-02    2.972572E-07    7.202743E-06
    25000    2.5000E-01    1.106648E+00    9.606838E-02    2.989808E-07    7.201019E-06
    26000    2.6000E-01    1.107562E+00    9.515456E-02    3.007238E-07    7.199276E-06
    27000    2.7000E-01    1.108472E+00    9.424489E-02    3.024865E-07    7.197513E-06
    28000    2.8000E-01    1.109377E+00    9.333940E-02    3.042692E-07    7.195731E-06
    29000    2.9000E-01    1.110279E+00    9.243808E-02    3.060720E-07    7.193928E-06
    30000    3.0000E-01    1.111176E+00    9.154093E-02    3.078954E-07    7.192105E-06
    31000    3.1000E-01    1.112069E+00    9.064796E-02    3.097394E-07    7.190261E-06
    32000    3.2000E-01    1.112957E+00    8.975917E-02    3.116044E-07    7.188396E-06
    33000    3.3000E-01    1.113842E+00    8.887457E-02    3.134907E-07    7.186509E-06
    34000    3.4000E-01    1.114722E+00    8.799415E-02    3.153984E-07    7.184602E-06
    35000    3.5000E-01    1.115599E+00    8.711793E-02    3.173279E-07    7.182672E-06
    36000    3.6000E-01    1.116471E+00    8.624590E-02    3.192794E-07    7.180721E-06
    37000    3.7000E-01    1.117339E+00    8.537807E-02    3.212533E-07    7.178747E-06
    38000    3.8000E-01    1.118202E+00    8.451445E-02    3.232497E-07    7.176750E-06
    39000    3.9000E-01    1.119062E+00    8.365504E-02    3.252689E-07    7.174731E-06
    40000    4.0000E-01    1.119917E+00    8.279984E-02    3.273113E-07    7.172689E-06
    41000    4.1000E-01    1.120768E+00    8.194887E-02    3.293770E-07    7.170623E-06
    42000    4.2000E-01    1.121615E+00    8.110212E-02    3.314665E-07    7.168534E-06
    43000    4.3000E-01    1.122457E+00    8.025959E-02    3.335798E-07    7.166420E-06
    44000    4.4000E-01    1.123295E+00    7.942131E-02    3.357174E-07    7.164283E-06
    45000    4.5000E-01    1.124129E+00    7.858726E-02    3.378795E-07    7.162121E-06
    46000    4.6000E-01    1.124959E+00    7.775746E-02    3.400663E-07    7.159934E-06
    47000    4.7000E-01    1.125785E+00    7.693191E-02    3.422783E-07    7.157722E-06
    48000    4.8000E-01    1.126606E+00    7.611063E-02    3.445155E-07    7.155484E-06
    49000    4.9000E-01    1.127423E+00    7.529361E-02    3.467784E-07    7.153222E-06
    50000    5.0000E-01    1.128236E+00    7.448086E-02    3.490672E-07    7.150933E-06
    51000    5.1000E-01    1.129044E+00    7.367239E-02    3.513822E-07    7.148618E-06
    52000    5.2000E-01    1.129848E+00    7.286820E-02    3.537237E-07    7.146276E-06
    53000    5.3000E-01    1.130648E+00    7.206832E-02    3.560918E-07    7.143908E-06
    54000    5.4000E-01    1.131444E+00    7.127273E-02    3.584871E-07    7.141513E-06
    55000    5.5000E-01    1.132235E+00    7.048145E-02    3.609096E-07    7.139090E-06
    56000    5.6000E-01    1.133022E+00    6.969449E-02    3.633596E-07    7.136640E-06
    57000    5.7000E-01    1.133805E+00    6.891186E-02    3.658376E-07    7.134162E-06
    58000    5.8000E-01    1.134583E+00    6.813356E-02    3.683436E-07    7.131656E-06
    59000    5.9000E-01    1.135357E+00    6.735960E-02    3.708780E-07    7.129122E-06
    60000    6.0000E-01    1.136127E+00    6.659000E-02    3.734411E-07    7.126559E-06
    61000    6.1000E-01    1.136892E+00    6.582475E-02    3.760331E-07    7.123967E-06
    62000    6.2000E-01    1.137653E+00    6.506388E-02    3.786543E-07    7.121346E-06
    63000    6.3000E-01    1.138409E+00    6.430739E-02    3.813048E-07    7.118695E-06
    64000    6.4000E-01    1.139161E+00    6.355529E-02    3.839851E-07    7.116015E-06
    65000    6.5000E-01    1.139909E+00    6.280759E-02    3.866953E-07    7.113305E-06
    66000    6.6000E-01    1.140652E+00    6.206430E-02    3.894356E-07    7.110564E-06
    67000    6.7000E-01    1.141391E+00    6.132544E-02    3.922064E-07    7.107794E-06
    68000    6.8000E-01    1.142126E+00    6.059101E-02    3.950077E-07    7.104992E-06
    69000    6.9000E-01    1.142856E+00    5.986103E-02    3.978399E-07    7.102160E-06
    70000    7.0000E-01    1.143581E+00    5.913550E-02    4.007032E-07    7.099297E-06
    71000    7.1000E-01    1.144302E+00    5.841444E-02    4.035977E-07    7.096402E-06
    72000    7.2000E-01    1.145019E+00    5.769786E-02    4.065237E-07    7.093476E-06
    73000    7.3000E-01    1.145731E+00    5.698578E-02    4.094813E-07    7.090519E-06
    74000    7.4000E-01    1.146438E+00    5.627820E-02    4.124707E-07    7.087529E-06
    75000    7.5000E-01    1.147142E+00    5.557514E-02    4.154922E-07    7.084508E-06
    76000    7.6000E-01    1.147840E+00    5.487662E-02    4.185457E-07    7.081454E-06
    77000    7.7000E-01    1.148534E+00    5.418264E-02    4.216316E-07    7.078368E-06
    78000    7.8000E-01    1.149223E+00    5.349322E-02    4.247499E-07    7.075250E-06
    79000    7.9000E-01    1.149908E+00    5.280837E-02    4.279008E-07    7.072099E-06
    80000    8.0000E-01    1.150589E+00    5.212811E-02    4.310843E-07    7.068916E-06
    81000    8.1000E-01    1.151264E+00    5.145246E-02    4.343006E-07    7.065699E-06
    82000    8.2000E-01    1.151935E+00    5.078142E-02    4.375497E-07    7.062450E-06
    83000    8.3000E-01    1.152602E+00    5.011502E-02    4.408317E-07    7.059168E-06
    84000    8.4000E-01    1.153263E+00    4.945326E-02    4.441466E-07    7.055853E-06
    85000    8.5000E-01    1.153920E+00    4.879617E-02    4.474945E-07    7.052505E-06
    86000    8.6000E-01    1.154573E+00    4.814376E-02    4.508754E-07    7.049125E-06
    87000    8.7000E-01    1.155221E+00    4.749604E-02    4.542892E-07    7.045711E-06
    88000    8.8000E-01    1.155864E+00    4.685303E-02    4.577360E-07    7.042264E-06
    89000    8.9000E-01    1.156502E+00    4.621475E-02    4.612157E-07    7.038784E-06
    90000    9.0000E-01    1.157135E+00    4.558122E-02    4.647281E-07    7.035272E-06
    91000    9.1000E-01    1.157764E+00    4.495244E-02    4.682733E-07    7.031727E-06
    92000    9.2000E-01    1.158388E+00    4.432845E-02    4.718511E-07    7.028149E-06
    93000    9.3000E-01    1.159007E+00    4.370925E-02    4.754614E-07    7.024539E-06
    94000    9.4000E-01    1.159622E+00    4.309486E-02    4.791040E-07    7.020896E-06
    95000    9.5000E-01    1.160231E+00    4.248529E-02    4.827786E-07    7.017221E-06
    96000    9.6000E-01    1.160836E+00    4.188058E-02    4.864852E-07    7.013515E-06
    97000    9.7000E-01    1.161436E+00    4.128073E-02    4.902235E-07    7.009777E-06
    98000    9.8000E-01    1.162031E+00    4.068576E-02    4.939931E-07    7.006007E-06
    99000    9.9000E-01    1.162621E+00    4.009569E-02    4.977937E-07    7.002206E-06
   100000    1.0000E+00    1.163206E+00    3.951053E-02    5.016252E-07    6.998375E-06
   101000    1.0100E+00    1.163786E+00    3.893031E-02    5.054870E-07    6.994513E-06
   102000    1.0200E+00    1.164362E+00    3.835504E-02    5.093788E-07    6.990621E-06
   103000    1.0300E+00    1.164932E+00    3.778474E-02    5.133002E-07    6.986700E-06
   104000    1.0400E+00    1.165497E+00    3.721942E-02    5.172508E-07    6.982749E-06
   105000    1.0500E+00    1.166058E+00    3.665911E-02    5.212300E-07    6.978770E-06
   106000    1.0600E+00    1.166613E+00    3.610382E-02    5.252372E-07    6.974763E-06
   107000    1.0700E+00    1.167163E+00    3.555356E-02    5.292721E-07    6.970728E-06
   108000    1.0800E+00    1.167708E+00    3.500836E-02    5.333339E-07    6.966666E-06
   109000    1.0900E+00    1.168248E+00    3.446824E-02    5.374221E-07    6.962578E-06
   110000    1.1000E+00    1.168783E+00    3.393320E-02    5.415361E-07    6.958464E-06
   111000    1.1100E+00    1.169313E+00    3.340326E-02    5.456750E-07    6.954325E-06
   112000    1.1200E+00    1.169838E+00    3.287844E-02    5.498382E-07    6.950162E-06
   113000    1.1300E+00    1.170358E+00    3.235876E-02    5.540249E-07    6.945975E-06
   114000    1.1400E+00    1.170872E+00    3.184423E-02    5.582344E-07    6.941766E-06
   115000    1.1500E+00    1.171382E+00    3.133486E-02    5.624657E-07    6.937534E-06
   116000    1.1600E+00    1.171886E+00    3.083068E-02    5.667181E-07    6.933282E-06
   117000    1.1700E+00    1.172385E+00    3.033168E-02    5.709907E-07    6.929009E-06
   118000    1.1800E+00    1.172879E+00    2.983790E-02    5.752824E-07    6.924718E-06
   119000    1.1900E+00    1.173367E+00    2.934933E-02    5.795923E-07    6.920408E-06
   120000    1.2000E+00    1.173851E+00    2.886599E-02    5.839195E-07    6.916080E-06
   121000    1.2100E+00    1.174329E+00    2.838790E-02    5.882629E-07    6.911737E-06
   122000    1.2200E+00    1.174802E+00    2.791507E-02    5.926214E-07    6.907379E-06
   123000    1.2300E+00    1.175269E+00    2.744749E-02    5.969939E-07    6.903006E-06
   124000    1.2400E+00    1.175731E+00    2.698519E-02    6.013793E-07    6.898621E-06
   125000    1.2500E+00    1.176188E+00    2.652818E-02    6.057764E-07    6.894224E-06
   126000    1.2600E+00    1.176640E+00    2.607645E-02    6.101841E-07    6.889816E-06
   127000    1.2700E+00    1.177087E+00    2.563002E-02    6.146011E-07    6.885399E-06
   128000    1.2800E+00    1.177528E+00    2.518890E-02    6.190262E-07    6.880974E-06
   129000    1.2900E+00    1.177964E+00    2.475308E-02    6.234581E-07    6.876542E-06
   130000    1.3000E+00    1.178394E+00    2.432258E-02    6.278955E-07    6.872105E-06
   131000    1.3100E+00    1.178819E+00    2.389739E-02    6.323371E-07    6.867663E-06
   132000    1.3200E+00    1.179239E+00    2.347753E-02    6.367816E-07    6.863218E-06
   133000    1.3300E+00    1.179654E+00    2.306298E-02    6.412277E-07    6.858772E-06
   134000    1.3400E+00    1.180063E+00    2.265375E-02    6.456739E-07    6.854326E-06
   135000    1.3500E+00    1.180467E+00    2.224984E-02    6.501189E-07    6.849881E-06
   136000    1.3600E+00    1.180865E+00    2.185125E-02    6.545613E-07    6.845439E-06
   137000    1.3700E+00    1.181259E+00    2.145797E-02    6.589996E-07    6.841000E-06
   138000    1.3800E+00    1.181647E+00    2.107000E-02    6.634326E-07    6.836567E-06
   139000    1.3900E+00    1.182029E+00    2.068733E-02    6.678587E-07    6.832141E-06
   140000    1.4000E+00    1.182407E+00    2.030996E-02    6.722765E-07    6.827724E-06
   141000    1.4100E+00    1.182779E+00    1.993787E-02    6.766846E-07    6.823315E-06
   142000    1.4200E+00    1.183146E+00    1.957106E-02    6.810815E-07    6.818918E-06
   143000    1.4300E+00    1.183507E+00    1.920951E-02    6.854659E-07    6.814534E-06
   144000    1.4400E+00    1.183863E+00    1.885321E-02    6.898364E-07    6.810164E-06
   145000    1.4500E+00    1.184214E+00    1.850216E-02    6.941914E-07    6.805809E-06
   146000    1.4600E+00    1.184560E+00    1.815633E-02    6.985296E-07    6.801470E-06
   147000    1.4700E+00    1.184901E+00    1.781570E-02    7.028497E-07    6.797150E-06
   148000    1.4800E+00    1.185236E+00    1.748026E-02    7.071501E-07    6.792850E-06
   149000    1.4900E+00    1.185567E+00    1.714999E-02    7.114297E-07    6.788570E-06
   150000    1.5000E+00    1.185892E+00    1.682487E-02    7.156869E-07    6.784313E-06
   151000    1.5100E+00    1.186212E+00    1.650487E-02    7.199205E-07    6.780079E-06
   152000    1.5200E+00    1.186527E+00    1.618997E-02    7.241292E-07    6.775871E-06
   153000    1.5300E+00    1.186836E+00    1.588015E-02    7.283117E-07    6.771688E-06
   154000    1.5400E+00    1.187141E+00    1.557538E-02    7.324667E-07    6.767533E-06
   155000    1.5500E+00    1.187441E+00    1.527563E-02    7.365931E-07    6.763407E-06
   156000    1.5600E+00    1.187736E+00    1.498088E-02    7.406895E-07    6.759310E-06
   157000    1.5700E+00    1.188026E+00    1.469108E-02    7.447550E-07    6.755245E-06
   158000    1.5800E+00    1.188310E+00    1.440621E-02    7.487882E-07    6.751212E-06
   159000    1.5900E+00    1.188590E+00    1.412624E-02    7.527881E-07    6.747212E-06
   160000    1.6000E+00    1.188866E+00    1.385113E-02    7.567537E-07    6.743246E-06
   161000    1.6100E+00    1.189136E+00    1.358085E-02    7.606838E-07    6.739316E-06
   162000    1.6200E+00    1.189401E+00    1.331535E-02    7.645777E-07    6.735422E-06
   163000    1.6300E+00    1.189662E+00    1.305461E-02    7.684341E-07    6.731566E-06
   164000    1.6400E+00    1.189918E+00    1.279857E-02    7.722524E-07    6.727748E-06
   165000    1.6500E+00    1.190169E+00    1.254721E-02    7.760316E-07    6.723968E-06
   166000    1.6600E+00    1.190416E+00    1.230047E-02    7.797708E-07    6.720229E-06
   167000    1.6700E+00    1.190658E+00    1.205831E-02    7.834693E-07    6.716531E-06
   168000    1.6800E+00    1.190896E+00    1.182070E-02    7.871264E-07    6.712874E-06
   169000    1.6900E+00    1.191129E+00    1.158758E-02    7.907413E-07    6.709259E-06
   170000    1.7000E+00    1.191358E+00    1.135892E-02    7.943134E-07    6.705687E-06
   171000    1.7100E+00    1.191582E+00    1.113465E-02    7.978421E-07    6.702158E-06
   172000    1.7200E+00    1.191802E+00    1.091475E-02    8.013268E-07    6.698673E-06
   173000    1.7300E+00    1.192017E+00    1.069915E-02    8.047670E-07    6.695233E-06
   174000    1.7400E+00    1.192229E+00    1.048780E-02    8.081623E-07    6.691838E-06
   175000    1.7500E+00    1.192436E+00    1.028067E-02    8.115121E-07    6.688488E-06
   176000    1.7600E+00    1.192639E+00    1.007769E-02    8.148162E-07    6.685184E-06
   177000    1.7700E+00    1.192838E+00    9.878821E-03    8.180741E-07    6.681926E-06
   178000    1.7800E+00    1.193033E+00    9.684004E-03    8.212856E-07    6.678714E-06
   179000    1.7900E+00    1.193223E+00    9.493188E-03    8.244504E-07    6.675550E-06
   180000    1.8000E+00    1.193410E+00    9.306321E-03    8.275682E-07    6.672432E-06
   181000    1.8100E+00    1.193593E+00    9.123350E-03    8.306390E-07    6.669361E-06
   182000    1.8200E+00    1.193772E+00    8.944220E-03    8.336626E-07    6.666337E-06
   183000    1.8300E+00    1.193948E+00    8.768877E-03    8.366388E-07    6.663361E-06
   184000    1.8400E+00    1.194119E+00    8.597268E-03    8.395676E-07    6.660432E-06
   185000    1.8500E+00    1.194287E+00    8.429336E-03    8.424490E-07    6.657551E-06
   186000    1.8600E+00    1.194452E+00    8.265028E-03    8.452831E-07    6.654717E-06
   187000    1.8700E+00    1.194612E+00    8.104289E-03    8.480697E-07    6.651930E-06
   188000    1.8800E+00    1.194770E+00    7.947062E-03    8.508092E-07    6.649191E-06
   189000    1.8900E+00    1.194923E+00    7.793293E-03    8.535015E-07    6.646499E-06
   190000    1.9000E+00    1.195074E+00    7.642927E-03    8.561467E-07    6.643853E-06
   191000    1.9100E+00    1.195221E+00    7.495907E-03    8.587452E-07    6.641255E-06
   192000    1.9200E+00    1.195364E+00    7.352180E-03    8.612971E-07    6.638703E-06
   193000    1.9300E+00    1.195505E+00    7.211689E-03    8.638026E-07    6.636197E-06
   194000    1.9400E+00    1.195642E+00    7.074380E-03    8.662621E-07    6.633738E-06
   195000    1.9500E+00    1.195776E+00    6.940197E-03    8.686757E-07    6.631324E-06
   196000    1.9600E+00    1.195908E+00    6.809086E-03    8.710438E-07    6.628956E-06
   197000    1.9700E+00    1.196036E+00    6.680993E-03    8.733668E-07    6.626633E-06
   198000    1.9800E+00    1.196161E+00    6.555862E-03    8.756451E-07    6.624355E-06
   199000    1.9900E+00    1.196283E+00    6.433641E-03    8.778789E-07    6.622121E-06
   200000    2.0000E+00    1.196402E+00    6.314275E-03    8.800687E-07    6.619931E-06
   201000    2.0100E+00    1.196519E+00    6.197712E-03    8.822150E-07    6.617785E-06
   202000    2.0200E+00    1.196633E+00    6.083898E-03    8.843181E-07    6.615682E-06
   203000    2.0300E+00    1.196744E+00    5.972780E-03    8.863786E-07    6.613621E-06
   204000    2.0400E+00    1.196852E+00    5.864308E-03    8.883969E-07    6.611603E-06
   205000    2.0500E+00    1.196958E+00    5.758428E-03    8.903734E-07    6.609627E-06
   206000    2.0600E+00    1.197062E+00    5.655091E-03    8.923088E-07    6.607691E-06
   207000    2.0700E+00    1.197162E+00    5.554245E-03    8.942034E-07    6.605797E-06
   208000    2.0800E+00    1.197261E+00    5.455841E-03    8.960579E-07    6.603942E-06
   209000    2.0900E+00    1.197357E+00    5.359828E-03    8.978727E-07    6.602127E-06
   210000    2.1000E+00    1.197450E+00    5.266157E-03    8.996484E-07    6.600352E-06
   211000    2.1100E+00    1.197542E+00    5.174781E-03    9.013856E-07    6.598614E-06
   212000    2.1200E+00    1.197631E+00    5.085652E-03    9.030848E-07    6.596915E-06
   213000    2.1300E+00    1.197718E+00    4.998721E-03    9.047465E-07    6.595254E-06
   214000    2.1400E+00    1.197803E+00    4.913943E-03    9.063713E-07    6.593629E-06
   215000    2.1500E+00    1.197885E+00    4.831272E-03    9.079599E-07    6.592040E-06
   216000    2.1600E+00    1.197966E+00    4.750661E-03    9.095127E-07    6.590487E-06
   217000    2.1700E+00    1.198045E+00    4.672066E-03    9.110304E-07    6.588970E-06
   218000    2.1800E+00    1.198121E+00    4.595444E-03    9.125135E-07    6.587486E-06
   219000    2.1900E+00    1.198196E+00    4.520750E-03    9.139627E-07    6.586037E-06
   220000    2.2000E+00    1.198269E+00    4.447942E-03    9.153784E-07    6.584622E-06
   221000    2.2100E+00    1.198340E+00    4.376978E-03    9.167613E-07    6.583239E-06
   222000    2.2200E+00    1.198409E+00    4.307816E-03    9.181120E-07    6.581888E-06
   223000    2.2300E+00    1.198476E+00    4.240415E-03    9.194310E-07    6.580569E-06
   224000    2.2400E+00    1.198542E+00    4.174736E-03    9.207189E-07    6.579281E-06
   225000    2.2500E+00    1.198606E+00    4.110738E-03    9.219764E-07    6.578024E-06
   226000    2.2600E+00    1.198668E+00    4.048384E-03    9.232039E-07    6.576796E-06
   227000    2.2700E+00    1.198729E+00    3.987634E-03    9.244020E-07    6.575598E-06
   228000    2.2800E+00    1.198788E+00    3.928452E-03    9.255714E-07    6.574429E-06
   229000    2.2900E+00    1.198846E+00    3.870801E-03    9.267126E-07    6.573287E-06
   230000    2.3000E+00    1.198902E+00    3.814645E-03    9.278260E-07    6.572174E-06
   231000    2.3100E+00    1.198957E+00    3.759948E-03    9.289124E-07    6.571088E-06
   232000    2.3200E+00    1.199010E+00    3.706675E-03    9.299722E-07    6.570028E-06
   233000    2.3300E+00    1.199062E+00    3.654793E-03    9.310060E-07    6.568994E-06
   234000    2.3400E+00    1.199112E+00    3.604268E-03    9.320143E-07    6.567986E-06
   235000    2.3500E+00    1.199162E+00    3.555068E-03    9.329976E-07    6.567002E-06
   236000    2.3600E+00    1.199209E+00    3.507160E-03    9.339566E-07    6.566043E-06
   237000    2.3700E+00    1.199256E+00    3.460513E-03    9.348916E-07    6.565108E-06
   238000    2.3800E+00    1.199302E+00    3.415095E-03    9.358033E-07    6.564197E-06
   239000    2.3900E+00    1.199346E+00    3.370878E-03    9.366920E-07    6.563308E-06
   240000    2.4000E+00    1.199389E+00    3.327830E-03    9.375584E-07    6.562442E-06
   241000    2.4100E+00    1.199431E+00    3.285924E-03    9.384029E-07    6.561597E-06
   242000    2.4200E+00    1.199472E+00    3.245131E-03    9.392260E-07    6.560774E-06
   243000    2.4300E+00    1.199511E+00    3.205423E-03    9.400282E-07    6.559972E-06
   244000    2.4400E+00    1.199550E+00    3.166773E-03    9.408099E-07    6.559190E-06
   245000    2.4500E+00    1.199587E+00    3.129154E-03    9.415716E-07    6.558428E-06
   246000    2.4600E+00    1.199624E+00    3.092541E-03    9.423138E-07    6.557686E-06
   247000    2.4700E+00    1.199660E+00    3.056908E-03    9.430369E-07    6.556963E-06
   248000    2.4800E+00    1.199694E+00    3.022230E-03    9.437414E-07    6.556259E-06
   249000    2.4900E+00    1.199728E+00    2.988484E-03    9.444277E-07    6.555572E-06
   250000    2.5000E+00    1.199761E+00    2.955644E-03    9.450961E-07    6.554904E-06
   251000    2.5100E+00    1.199793E+00    2.923689E-03    9.457473E-07    6.554253E-06
   252000    2.5200E+00    1.199824E+00    2.892595E-03    9.463814E-07    6.553619E-06
   253000    2.5300E+00    1.199854E+00    2.862340E-03    9.469991E-07    6.553001E-06
   254000    2.5400E+00    1.199884E+00    2.832903E-03    9.476005E-07    6.552399E-06
   255000    2.5500E+00    1.199912E+00    2.804262E-03    9.481862E-07    6.551814E-06
   256000    2.5600E+00    1.199940E+00    2.776398E-03    9.487566E-07    6.551243E-06
   257000    2.5700E+00    1.199967E+00    2.749288E-03    9.493119E-07    6.550688E-06
   258000    2.5800E+00    1.199994E+00    2.722915E-03    9.498525E-07    6.550147E-06
   259000    2.5900E+00    1.200019E+00    2.697259E-03    9.503789E-07    6.549621E-06
   260000    2.6000E+00    1.200044E+00    2.672301E-03    9.508914E-07    6.549109E-06
   261000    2.6100E+00    1.200069E+00    2.648022E-03    9.513902E-07    6.548610E-06
   262000    2.6200E+00    1.200092E+00    2.624406E-03    9.518758E-07    6.548124E-06
   263000    2.6300E+00    1.200115E+00    2.601434E-03    9.523485E-07    6.547651E-06
   264000    2.6400E+00    1.200138E+00    2.579089E-03    9.528086E-07    6.547191E-06
   265000    2.6500E+00    1.200159E+00    2.557356E-03    9.532564E-07    6.546744E-06
   266000    2.6600E+00    1.200180E+00    2.536217E-03    9.536922E-07    6.546308E-06
   267000    2.6700E+00    1.200201E+00    2.515657E-03    9.541164E-07    6.545884E-06
   268000    2.6800E+00    1.200221E+00    2.495661E-03    9.545291E-07    6.545471E-06
   269000    2.6900E+00    1.200240E+00    2.476213E-03    9.549308E-07    6.545069E-06
   270000    2.7000E+00    1.200259E+00    2.457299E-03    9.553217E-07    6.544678E-06
   271000    2.7100E+00    1.200278E+00    2.438905E-03    9.557021E-07    6.544298E-06
   272000    2.7200E+00    1.200296E+00    2.421017E-03    9.560722E-07    6.543928E-06
   273000    2.7300E+00    1.200313E+00    2.403621E-03    9.564322E-07    6.543568E-06
   274000    2.7400E+00    1.200330E+00    2.386705E-03    9.567826E-07    6.543217E-06
   275000    2.7500E+00    1.200346E+00    2.370254E-03    9.571235E-07    6.542877E-06
   276000    2.7600E+00    1.200362E+00    2.354257E-03    9.574551E-07    6.542545E-06
   277000    2.7700E+00    1.200378E+00    2.338702E-03    9.577777E-07    6.542222E-06
   278000    2.7800E+00    1.200393E+00    2.323576E-03    9.580916E-07    6.541908E-06
   279000    2.7900E+00    1.200408E+00    2.308868E-03    9.583969E-07    6.541603E-06
   280000    2.8000E+00    1.200422E+00    2.294567E-03    9.586940E-07    6.541306E-06
   281000    2.8100E+00    1.200436E+00    2.280661E-03    9.589829E-07    6.541017E-06
   282000    2.8200E+00    1.200450E+00    2.267141E-03    9.592639E-07    6.540736E-06
   283000    2.8300E+00    1.200463E+00    2.253994E-03    9.595373E-07    6.540463E-06
   284000    2.8400E+00    1.200475E+00    2.241212E-03    9.598032E-07    6.540197E-06
   285000    2.8500E+00    1.200488E+00    2.228785E-03    9.600618E-07    6.539938E-06
   286000    2.8600E+00    1.200500E+00    2.216702E-03    9.603133E-07    6.539687E-06
   287000    2.8700E+00    1.200512E+00    2.204954E-03    9.605580E-07    6.539442E-06
   288000    2.8800E+00    1.200523E+00    2.193533E-03    9.607959E-07    6.539204E-06
   289000    2.8900E+00    1.200534E+00    2.182429E-03    9.610273E-07    6.538973E-06
   290000    2.9000E+00    1.200545E+00    2.171634E-03    9.612523E-07    6.538748E-06
   291000    2.9100E+00    1.200556E+00    2.161138E-03    9.614712E-07    6.538529E-06
   292000    2.9200E+00    1.200566E+00    2.150935E-03    9.616840E-07    6.538316E-06
   293000    2.9300E+00    1.200576E+00    2.141016E-03    9.618910E-07    6.538109E-06
   294000    2.9400E+00    1.200585E+00    2.131373E-03    9.620922E-07    6.537908E-06
   295000    2.9500E+00    1.200595E+00    2.121998E-03    9.622879E-07    6.537712E-06
   296000    2.9600E+00    1.200604E+00    2.112885E-03    9.624783E-07    6.537522E-06
   297000    2.9700E+00    1.200613E+00    2.104025E-03    9.626633E-07    6.537337E-06
   298000    2.9800E+00    1.200621E+00    2.095413E-03    9.628433E-07    6.537157E-06
   299000    2.9900E+00    1.200630E+00    2.087041E-03    9.630182E-07    6.536982E-06
   300000    3.0000E+00    1.200638E+00    2.078902E-03    9.631884E-07    6.536812E-06
   301000    3.0100E+00    1.200646E+00    2.070991E-03    9.633538E-07    6.536646E-06
   302000    3.0200E+00    1.200653E+00    2.063300E-03    9.635146E-07    6.536485E-06
   303000    3.0300E+00    1.200661E+00    2.055824E-03    9.636710E-07    6.536329E-06
   304000    3.0400E+00    1.200668E+00    2.048557E-03    9.638231E-07    6.536177E-06
   305000    3.0500E+00    1.200675E+00    2.041494E-03    9.639709E-07    6.536029E-06
   306000    3.0600E+00    1.200682E+00    2.034627E-03    9.641146E-07    6.535885E-06
   307000    3.0700E+00    1.200689E+00    2.027953E-03    9.642543E-07    6.535746E-06
   308000    3.0800E+00    1.200695E+00    2.021465E-03    9.643902E-07    6.535610E-06
   309000    3.0900E+00    1.200701E+00    2.015159E-03    9.645223E-07    6.535478E-06
   310000    3.1000E+00    1.200708E+00    2.009030E-03    9.646507E-07    6.535349E-06
   311000    3.1100E+00    1.200714E+00    2.003072E-03    9.647755E-07    6.535224E-06
   312000    3.1200E+00    1.200719E+00    1.997280E-03    9.648969E-07    6.535103E-06
   313000    3.1300E+00    1.200725E+00    1.991651E-03    9.650149E-07    6.534985E-06
   314000    3.1400E+00    1.200730E+00    1.986180E-03    9.651295E-07    6.534870E-06
   315000    3.1500E+00    1.200736E+00    1.980862E-03    9.652410E-07    6.534759E-06
   316000    3.1600E+00    1.200741E+00    1.975693E-03    9.653494E-07    6.534651E-06
   317000    3.1700E+00    1.200746E+00    1.970669E-03    9.654548E-07    6.534545E-06
   318000    3.1800E+00    1.200751E+00    1.965786E-03    9.655572E-07    6.534443E-06
   319000    3.1900E+00    1.200756E+00    1.961039E-03    9.656568E-07    6.534343E-06
   320000    3.2000E+00    1.200760E+00    1.956426E-03    9.657536E-07    6.534246E-06
   321000    3.2100E+00    1.200765E+00    1.951942E-03    9.658477E-07    6.534152E-06
   322000    3.2200E+00    1.200769E+00    1.947584E-03    9.659391E-07    6.534061E-06
   323000    3.2300E+00    1.200773E+00    1.943349E-03    9.660281E-07    6.533972E-06
   324000    3.2400E+00    1.200777E+00    1.939232E-03    9.661145E-07    6.533886E-06
   325000    3.2500E+00    1.200781E+00    1.935231E-03    9.661985E-07    6.533802E-06
   326000    3.2600E+00    1.200785E+00    1.931342E-03    9.662801E-07    6.533720E-06
   327000    3.2700E+00    1.200789E+00    1.927562E-03    9.663595E-07    6.533640E-06
   328000    3.2800E+00    1.200793E+00    1.923889E-03    9.664367E-07    6.533563E-06
   329000    3.2900E+00    1.200796E+00    1.920318E-03    9.665116E-07    6.533488E-06
   330000    3.3000E+00    1.200800E+00    1.916848E-03    9.665845E-07    6.533415E-06
   331000    3.3100E+00    1.200803E+00    1.913476E-03    9.666554E-07    6.533345E-06
   332000    3.3200E+00    1.200806E+00    1.910198E-03    9.667243E-07    6.533276E-06
   333000    3.3300E+00    1.200810E+00    1.907013E-03    9.667912E-07    6.533209E-06
   334000    3.3400E+00    1.200813E+00    1.903916E-03    9.668563E-07    6.533144E-06
   335000    3.3500E+00    1.200816E+00    1.900907E-03    9.669195E-07    6.533081E-06
   336000    3.3600E+00    1.200819E+00    1.897983E-03    9.669810E-07    6.533019E-06
   337000    3.3700E+00    1.200822E+00    1.895141E-03    9.670407E-07    6.532959E-06
   338000    3.3800E+00    1.200824E+00    1.892379E-03    9.670988E-07    6.532901E-06
   339000    3.3900E+00    1.200827E+00    1.889694E-03    9.671552E-07    6.532845E-06
   340000    3.4000E+00    1.200830E+00    1.887085E-03    9.672101E-07    6.532790E-06
   341000    3.4100E+00    1.200832E+00    1.884550E-03    9.672634E-07    6.532737E-06
   342000    3.4200E+00    1.200835E+00    1.882085E-03    9.673152E-07    6.532685E-06
   343000    3.4300E+00    1.200837E+00    1.879690E-03    9.673656E-07    6.532634E-06
   344000    3.4400E+00    1.200839E+00    1.877363E-03    9.674145E-07    6.532585E-06
   345000    3.4500E+00    1.200842E+00    1.875101E-03    9.674621E-07    6.532538E-06
   346000    3.4600E+00    1.200844E+00    1.872903E-03    9.675083E-07    6.532492E-06
   347000    3.4700E+00    1.200846E+00    1.870766E-03    9.675533E-07    6.532447E-06
   348000    3.4800E+00    1.200848E+00    1.868690E-03    9.675970E-07    6.532403E-06
   349000    3.4900E+00    1.200850E+00    1.866672E-03    9.676394E-07    6.532361E-06
   350000    3.5000E+00    1.200852E+00    1.864711E-03    9.676807E-07    6.532319E-06
   351000    3.5100E+00    1.200854E+00    1.862805E-03    9.677208E-07    6.532279E-06
   352000    3.5200E+00    1.200856E+00    1.860953E-03    9.677597E-07    6.532240E-06
   353000    3.5300E+00    1.200857E+00    1.859153E-03    9.677976E-07    6.532202E-06
   354000    3.5400E+00    1.200859E+00    1.857404E-03    9.678344E-07    6.532166E-06
   355000    3.5500E+00    1.200861E+00    1.855704E-03    9.678702E-07    6.532130E-06
   356000    3.5600E+00    1.200863E+00    1.854052E-03    9.679050E-07    6.532095E-06
   357000    3.5700E+00    1.200864E+00    1.852446E-03    9.679388E-07    6.532061E-06
   358000    3.5800E+00    1.200866E+00    1.850886E-03    9.679716E-07    6.532028E-06
   359000    3.5900E+00    1.200867E+00    1.849369E-03    9.680035E-07    6.531996E-06
   360000    3.6000E+00    1.200869E+00    1.847896E-03    9.680345E-07    6.531965E-06
   361000    3.6100E+00    1.200870E+00    1.846464E-03    9.680647E-07    6.531935E-06
   362000    3.6200E+00    1.200872E+00    1.845072E-03    9.680940E-07    6.531906E-06
   363000    3.6300E+00    1.200873E+00    1.843719E-03    9.681225E-07    6.531878E-06
   364000    3.6400E+00    1.200874E+00    1.842405E-03    9.681501E-07    6.531850E-06
   365000    3.6500E+00    1.200876E+00    1.841128E-03    9.681770E-07    6.531823E-06
   366000    3.6600E+00    1.200877E+00    1.839886E-03    9.682032E-07    6.531797E-06
   367000    3.6700E+00    1.200878E+00    1.838680E-03    9.682286E-07    6.531771E-06
   368000    3.6800E+00    1.200879E+00    1.837507E-03    9.682533E-07    6.531747E-06
   369000    3.6900E+00    1.200880E+00    1.836368E-03    9.682772E-07    6.531723E-06
   370000    3.7000E+00    1.200881E+00    1.835261E-03    9.683006E-07    6.531699E-06
   371000    3.7100E+00    1.200882E+00    1.834185E-03    9.683232E-07    6.531677E-06
   372000    3.7200E+00    1.200884E+00    1.833139E-03    9.683452E-07    6.531655E-06
   373000    3.7300E+00    1.200885E+00    1.832123E-03    9.683666E-07    6.531633E-06
   374000    3.7400E+00    1.200886E+00    1.831136E-03    9.683874E-07    6.531613E-06
   375000    3.7500E+00    1.200886E+00    1.830176E-03    9.684076E-07    6.531592E-06
   376000    3.7600E+00    1.200887E+00    1.829243E-03    9.684273E-07    6.531573E-06
   377000    3.7700E+00    1.200888E+00    1.828337E-03    9.684464E-07    6.531554E-06
   378000    3.7800E+00    1.200889E+00    1.827456E-03    9.684649E-07    6.531535E-06
   379000    3.7900E+00    1.200890E+00    1.826601E-03    9.684830E-07    6.531517E-06
   380000    3.8000E+00    1.200891E+00    1.825769E-03    9.685005E-07    6.531500E-06
   381000    3.8100E+00    1.200892E+00    1.824961E-03    9.685175E-07    6.531482E-06
   382000    3.8200E+00    1.200892E+00    1.824175E-03    9.685340E-07    6.531466E-06
   383000    3.8300E+00    1.200893E+00    1.823412E-03    9.685501E-07    6.531450E-06
   384000    3.8400E+00    1.200894E+00    1.822670E-03    9.685658E-07    6.531434E-06
   385000    3.8500E+00    1.200895E+00    1.821949E-03    9.685809E-07    6.531419E-06
   386000    3.8600E+00    1.200895E+00    1.821248E-03    9.685957E-07    6.531404E-06
   387000    3.8700E+00    1.200896E+00    1.820568E-03    9.686100E-07    6.531390E-06
   388000    3.8800E+00    1.200897E+00    1.819906E-03    9.686240E-07    6.531376E-06
   389000    3.8900E+00    1.200897E+00    1.819263E-03    9.686375E-07    6.531362E-06
   390000    3.9000E+00    1.200898E+00    1.818638E-03    9.686507E-07    6.531349E-06
   391000    3.9100E+00    1.200899E+00    1.818031E-03    9.686635E-07    6.531337E-06
   392000    3.9200E+00    1.200899E+00    1.817441E-03    9.686759E-07    6.531324E-06
   393000    3.9300E+00    1.200900E+00    1.816868E-03    9.686880E-07    6.531312E-06
   394000    3.9400E+00    1.200900E+00    1.816311E-03    9.686997E-07    6.531300E-06
   395000    3.9500E+00    1.200901E+00    1.815769E-03    9.687111E-07    6.531289E-06
   396000    3.9600E+00    1.200901E+00    1.815243E-03    9.687222E-07    6.531278E-06
   397000    3.9700E+00    1.200902E+00    1.814732E-03    9.687330E-07    6.531267E-06
   398000    3.9800E+00    1.200902E+00    1.814235E-03    9.687435E-07    6.531257E-06
   399000    3.9900E+00    1.200903E+00    1.813752E-03    9.687536E-07    6.531246E-06
   400000    4.0000E+00    1.200903E+00    1.813283E-03    9.687635E-07    6.531236E-06
   401000    4.0100E+00    1.200904E+00    1.812827E-03    9.687731E-07    6.531227E-06
   402000    4.0200E+00    1.200904E+00    1.812384E-03    9.687825E-07    6.531218E-06
   403000    4.0300E+00    1.200905E+00    1.811953E-03    9.687916E-07    6.531208E-06
   404000    4.0400E+00    1.200905E+00    1.811534E-03    9.688004E-07    6.531200E-06
   405000    4.0500E+00    1.200906E+00    1.811128E-03    9.688089E-07    6.531191E-06
   406000    4.0600E+00    1.200906E+00    1.810733E-03    9.688173E-07    6.531183E-06
   407000    4.0700E+00    1.200906E+00    1.810348E-03    9.688254E-07    6.531175E-06
   408000    4.0800E+00    1.200907E+00    1.809975E-03    9.688332E-07    6.531167E-06
   409000    4.0900E+00    1.200907E+00    1.809613E-03    9.688409E-07    6.531159E-06
   410000    4.1000E+00    1.200907E+00    1.809260E-03    9.688483E-07    6.531152E-06
   411000    4.1100E+00    1.200908E+00    1.808918E-03    9.688555E-07    6.531144E-06
   412000    4.1200E+00    1.200908E+00    1.808585E-03    9.688625E-07    6.531137E-06
   413000    4.1300E+00    1.200908E+00    1.808261E-03    9.688694E-07    6.531131E-06
   414000    4.1400E+00    1.200909E+00    1.807947E-03    9.688760E-07    6.531124E-06
   415000    4.1500E+00    1.200909E+00    1.807642E-03    9.688824E-07    6.531118E-06
   416000    4.1600E+00    1.200909E+00    1.807345E-03    9.688887E-07    6.531111E-06
   417000    4.1700E+00    1.200910E+00    1.807056E-03    9.688947E-07    6.531105E-06
   418000    4.1800E+00    1.200910E+00    1.806776E-03    9.689007E-07    6.531099E-06
   419000    4.1900E+00    1.200910E+00    1.806504E-03    9.689064E-07    6.531094E-06
   420000    4.2000E+00    1.200910E+00    1.806239E-03    9.689120E-07    6.531088E-06
   421000    4.2100E+00    1.200911E+00    1.805982E-03    9.689174E-07    6.531083E-06
   422000    4.2200E+00    1.200911E+00    1.805732E-03    9.689227E-07    6.531077E-06
   423000    4.2300E+00    1.200911E+00    1.805489E-03    9.689278E-07    6.531072E-06
   424000    4.2400E+00    1.200911E+00    1.805253E-03    9.689328E-07    6.531067E-06
   425000    4.2500E+00    1.200912E+00    1.805024E-03    9.689376E-07    6.531062E-06
   426000    4.2600E+00    1.200912E+00    1.804801E-03    9.689423E-07    6.531058E-06
   427000    4.2700E+00    1.200912E+00    1.804584E-03    9.689469E-07    6.531053E-06
   428000    4.2800E+00    1.200912E+00    1.804374E-03    9.689513E-07    6.531049E-06
   429000    4.2900E+00    1.200912E+00    1.804169E-03    9.689556E-07    6.531044E-06
   430000    4.3000E+00    1.200913E+00    1.803970E-03    9.689598E-07    6.531040E-06
   431000    4.3100E+00    1.200913E+00    1.803777E-03    9.689639E-07    6.531036E-06
   432000    4.3200E+00    1.200913E+00    1.803589E-03    9.689678E-07    6.531032E-06
   433000    4.3300E+00    1.200913E+00    1.803407E-03    9.689717E-07    6.531028E-06
   434000    4.3400E+00    1.200913E+00    1.803230E-03    9.689754E-07    6.531025E-06
   435000    4.3500E+00    1.200914E+00    1.803057E-03    9.689790E-07    6.531021E-06
   436000    4.3600E+00    1.200914E+00    1.802890E-03    9.689826E-07    6.531017E-06
   437000    4.3700E+00    1.200914E+00    1.802727E-03    9.689860E-07    6.531014E-06
   438000    4.3800E+00    1.200914E+00    1.802569E-03    9.689893E-07    6.531011E-06
   439000    4.3900E+00    1.200914E+00    1.802416E-03    9.689926E-07    6.531007E-06
   440000    4.4000E+00    1.200914E+00    1.802266E-03    9.689957E-07    6.531004E-06
   441000    4.4100E+00    1.200915E+00    1.802121E-03    9.689988E-07    6.531001E-06
   442000    4.4200E+00    1.200915E+00    1.801980E-03    9.690017E-07    6.530998E-06
   443000    4.4300E+00    1.200915E+00    1.801843E-03    9.690046E-07    6.530995E-06
   444000    4.4400E+00    1.200915E+00    1.801710E-03    9.690074E-07    6.530993E-06
   445000    4.4500E+00    1.200915E+00    1.801581E-03    9.690102E-07    6.530990E-06
   446000    4.4600E+00    1.200915E+00    1.801455E-03    9.690128E-07    6.530987E-06
   447000    4.4700E+00    1.200915E+00    1.801333E-03    9.690154E-07    6.530985E-06
   448000    4.4800E+00    1.200915E+00    1.801214E-03    9.690179E-07    6.530982E-06
   449000    4.4900E+00    1.200916E+00    1.801099E-03    9.690203E-07    6.530980E-06
   450000    4.5000E+00    1.200916E+00    1.800987E-03    9.690227E-07    6.530977E-06
   451000    4.5100E+00    1.200916E+00    1.800878E-03    9.690250E-07    6.530975E-06
   452000    4.5200E+00    1.200916E+00    1.800772E-03    9.690272E-07    6.530973E-06
   453000    4.5300E+00    1.200916E+00    1.800669E-03    9.690294E-07    6.530971E-06
   454000    4.5400E+00    1.200916E+00    1.800569E-03    9.690315E-07    6.530969E-06
   455000    4.5500E+00    1.200916E+00    1.800472E-03    9.690335E-07    6.530966E-06
   456000    4.5600E+00    1.200916E+00    1.800378E-03    9.690355E-07    6.530964E-06
   457000    4.5700E+00    1.200916E+00    1.800286E-03    9.690375E-07    6.530963E-06
   458000    4.5800E+00    1.200916E+00    1.800197E-03    9.690393E-07    6.530961E-06
   459000    4.5900E+00    1.200917E+00    1.800110E-03    9.690412E-07    6.530959E-06
   460000    4.6000E+00    1.200917E+00    1.800026E-03    9.690429E-07    6.530957E-06
   461000    4.6100E+00    1.200917E+00    1.799944E-03    9.690447E-07    6.530955E-06
   462000    4.6200E+00    1.200917E+00    1.799865E-03    9.690463E-07    6.530954E-06
   463000    4.6300E+00    1.200917E+00    1.799787E-03    9.690480E-07    6.530952E-06
   464000    4.6400E+00    1.200917E+00    1.799712E-03    9.690495E-07    6.530950E-06
   465000    4.6500E+00    1.200917E+00    1.799639E-03    9.690511E-07    6.530949E-06
   466000    4.6600E+00    1.200917E+00    1.799568E-03    9.690526E-07    6.530947E-06
   467000    4.6700E+00    1.200917E+00    1.799500E-03    9.690540E-07    6.530946E-06
   468000    4.6800E+00    1.200917E+00    1.799433E-03    9.690554E-07    6.530945E-06
   469000    4.6900E+00    1.200917E+00    1.799368E-03    9.690568E-07    6.530943E-06
   470000    4.7000E+00    1.200917E+00    1.799304E-03    9.690581E-07    6.530942E-06
   471000    4.7100E+00    1.200917E+00    1.799243E-03    9.690594E-07    6.530941E-06
   472000    4.7200E+00    1.200917E+00    1.799183E-03    9.690607E-07    6.530939E-06
   473000    4.7300E+00    1.200918E+00    1.799125E-03    9.690619E-07    6.530938E-06
   474000    4.7400E+00    1.200918E+00    1.799069E-03    9.690631E-07    6.530937E-06
   475000    4.7500E+00    1.200918E+00    1.799014E-03    9.690643E-07    6.530936E-06
   476000    4.7600E+00    1.200918E+00    1.798961E-03    9.690654E-07    6.530935E-06
   477000    4.7700E+00    1.200918E+00    1.798909E-03    9.690665E-07    6.530934E-06
   478000    4.7800E+00    1.200918E+00    1.798859E-03    9.690675E-07    6.530932E-06
   479000    4.7900E+00    1.200918E+00    1.798810E-03    9.690686E-07    6.530931E-06
   480000    4.8000E+00    1.200918E+00    1.798762E-03    9.690696E-07    6.530930E-06
   481000    4.8100E+00    1.200918E+00    1.798716E-03    9.690705E-07    6.530929E-06
   482000    4.8200E+00    1.200918E+00    1.798671E-03    9.690715E-07    6.530929E-06
   483000    4.8300E+00    1.200918E+00    1.798628E-03    9.690724E-07    6.530928E-06
   484000    4.8400E+00    1.200918E+00    1.798586E-03    9.690733E-07    6.530927E-06
   485000    4.8500E+00    1.200918E+00    1.798544E-03    9.690742E-07    6.530926E-06
   486000    4.8600E+00    1.200918E+00    1.798504E-03    9.690750E-07    6.530925E-06
   487000    4.8700E+00    1.200918E+00    1.798466E-03    9.690758E-07    6.530924E-06
   488000    4.8800E+00    1.200918E+00    1.798428E-03    9.690766E-07    6.530923E-06
   489000    4.8900E+00    1.200918E+00    1.798391E-03    9.690774E-07    6.530923E-06
   490000    4.9000E+00    1.200918E+00    1.798356E-03    9.690782E-07    6.530922E-06
   491000    4.9100E+00    1.200918E+00    1.798321E-03    9.690789E-07    6.530921E-06
   492000    4.9200E+00    1.200918E+00    1.798287E-03    9.690796E-07    6.530920E-06
   493000    4.9300E+00    1.200918E+00    1.798254E-03    9.690803E-07    6.530920E-06
   494000    4.9400E+00    1.200918E+00    1.798223E-03    9.690810E-07    6.530919E-06
   495000    4.9500E+00    1.200918E+00    1.798192E-03    9.690816E-07    6.530918E-06
   496000    4.9600E+00    1.200918E+00    1.798162E-03    9.690822E-07    6.530918E-06
   497000    4.9700E+00    1.200919E+00    1.798133E-03    9.690829E-07    6.530917E-06
   498000    4.9800E+00    1.200919E+00    1.798104E-03    9.690834E-07    6.530917E-06
   499000    4.9900E+00    1.200919E+00    1.798077E-03    9.690840E-07    6.530916E-06
   500000    5.0000E+00    1.200919E+00    1.798050E-03    9.690846E-07    6.530915E-06
   501000    5.0100E+00    1.200919E+00    1.798024E-03    9.690851E-07    6.530915E-06
   502000    5.0200E+00    1.200919E+00    1.797999E-03    9.690857E-07    6.530914E-06
   503000    5.0300E+00    1.200919E+00    1.797974E-03    9.690862E-07    6.530914E-06
   504000    5.0400E+00    1.200919E+00    1.797950E-03    9.690867E-07    6.530913E-06
   505000    5.0500E+00    1.200919E+00    1.797927E-03    9.690872E-07    6.530913E-06
   506000    5.0600E+00    1.200919E+00    1.797904E-03    9.690877E-07    6.530912E-06
   507000    5.0700E+00    1.200919E+00    1.797883E-03    9.690881E-07    6.530912E-06
   508000    5.0800E+00    1.200919E+00    1.797861E-03    9.690886E-07    6.530911E-06
   509000    5.0900E+00    1.200919E+00    1.797841E-03    9.690890E-07    6.530911E-06
   510000    5.1000E+00    1.200919E+00    1.797820E-03    9.690894E-07    6.530911E-06
   511000    5.1100E+00    1.200919E+00    1.797801E-03    9.690898E-07    6.530910E-06
   512000    5.1200E+00    1.200919E+00    1.797782E-03    9.690902E-07    6.530910E-06
   513000    5.1300E+00    1.200919E+00    1.797764E-03    9.690906E-07    6.530909E-06
   514000    5.1400E+00    1.200919E+00    1.797746E-03    9.690910E-07    6.530909E-06
   515000    5.1500E+00    1.200919E+00    1.797728E-03    9.690914E-07    6.530909E-06
   516000    5.1600E+00    1.200919E+00    1.797711E-03    9.690917E-07    6.530908E-06
   517000    5.1700E+00    1.200919E+00    1.797695E-03    9.690921E-07    6.530908E-06
   518000    5.1800E+00    1.200919E+00    1.797679E-03    9.690924E-07    6.530908E-06
   519000    5.1900E+00    1.200919E+00    1.797663E-03    9.690927E-07    6.530907E-06
   520000    5.2000E+00    1.200919E+00    1.797648E-03    9.690931E-07    6.530907E-06
   521000    5.2100E+00    1.200919E+00    1.797634E-03    9.690934E-07    6.530907E-06
   522000    5.2200E+00    1.200919E+00    1.797619E-03    9.690937E-07    6.530906E-06
   523000    5.2300E+00    1.200919E+00    1.797605E-03    9.690940E-07    6.530906E-06
   524000    5.2400E+00    1.200919E+00    1.797592E-03    9.690942E-07    6.530906E-06
   525000    5.2500E+00    1.200919E+00    1.797579E-03    9.690945E-07    6.530905E-06
   526000    5.2600E+00    1.200919E+00    1.797566E-03    9.690948E-07    6.530905E-06
   527000    5.2700E+00    1.200919E+00    1.797554E-03    9.690951E-07    6.530905E-06
   528000    5.2800E+00    1.200919E+00    1.797542E-03    9.690953E-07    6.530905E-06
   529000    5.2900E+00    1.200919E+00    1.797530E-03    9.690956E-07    6.530904E-06
   530000    5.3000E+00    1.200919E+00    1.797519E-03    9.690958E-07    6.530904E-06
   531000    5.3100E+00    1.200919E+00    1.797508E-03    9.690960E-07    6.530904E-06
   532000    5.3200E+00    1.200919E+00    1.797497E-03    9.690962E-07    6.530904E-06
   533000    5.3300E+00    1.200919E+00    1.797487E-03    9.690965E-07    6.530904E-06
   534000    5.3400E+00    1.200919E+00    1.797477E-03    9.690967E-07    6.530903E-06
   535000    5.3500E+00    1.200919E+00    1.797467E-03    9.690969E-07    6.530903E-06
   536000    5.3600E+00    1.200919E+00    1.797457E-03    9.690971E-07    6.530903E-06
   537000    5.3700E+00    1.200919E+00    1.797448E-03    9.690973E-07    6.530903E-06
   538000    5.3800E+00    1.200919E+00    1.797439E-03    9.690975E-07    6.530903E-06
   539000    5.3900E+00    1.200919E+00    1.797430E-03    9.690977E-07    6.530902E-06
   540000    5.4000E+00    1.200919E+00    1.797422E-03    9.690978E-07    6.530902E-06
   541000    5.4100E+00    1.200919E+00    1.797413E-03    9.690980E-07    6.530902E-06
   542000    5.4200E+00    1.200919E+00    1.797405E-03    9.690982E-07    6.530902E-06
   543000    5.4300E+00    1.200919E+00    1.797398E-03    9.690983E-07    6.530902E-06
   544000    5.4400E+00    1.200919E+00    1.797390E-03    9.690985E-07    6.530901E-06
   545000    5.4500E+00    1.200919E+00    1.797383E-03    9.690987E-07    6.530901E-06
   546000    5.4600E+00    1.200919E+00    1.797375E-03    9.690988E-07    6.530901E-06
   547000    5.4700E+00    1.200919E+00    1.797368E-03    9.690990E-07    6.530901E-06
   548000    5.4800E+00    1.200919E+00    1.797362E-03    9.690991E-07    6.530901E-06
   549000    5.4900E+00    1.200919E+00    1.797355E-03    9.690992E-07    6.530901E-06
   550000    5.5000E+00    1.200919E+00    1.797349E-03    9.690994E-07    6.530901E-06
   551000    5.5100E+00    1.200919E+00    1.797342E-03    9.690995E-07    6.530900E-06
   552000    5.5200E+00    1.200919E+00    1.797336E-03    9.690996E-07    6.530900E-06
   553000    5.5300E+00    1.200919E+00    1.797331E-03    9.690998E-07    6.530900E-06
   554000    5.5400E+00    1.200919E+00    1.797325E-03    9.690999E-07    6.530900E-06
   555000    5.5500E+00    1.200919E+00    1.797319E-03    9.691000E-07    6.530900E-06
   556000    5.5600E+00    1.200919E+00    1.797314E-03    9.691001E-07    6.530900E-06
   557000    5.5700E+00    1.200919E+00    1.797309E-03    9.691002E-07    6.530900E-06
   558000    5.5800E+00    1.200919E+00    1.797304E-03    9.691003E-07    6.530900E-06
   559000    5.5900E+00    1.200919E+00    1.797299E-03    9.691004E-07    6.530900E-06
   560000    5.6000E+00    1.200919E+00    1.797294E-03    9.691005E-07    6.530899E-06
   561000    5.6100E+00    1.200919E+00    1.797289E-03    9.691006E-07    6.530899E-06
   562000    5.6200E+00    1.200919E+00    1.797285E-03    9.691007E-07    6.530899E-06
   563000    5.6300E+00    1.200919E+00    1.797280E-03    9.691008E-07    6.530899E-06
   564000    5.6400E+00    1.200919E+00    1.797276E-03    9.691009E-07    6.530899E-06
   565000    5.6500E+00    1.200919E+00    1.797272E-03    9.691010E-07    6.530899E-06
   566000    5.6600E+00    1.200919E+00    1.797268E-03    9.691011E-07    6.530899E-06
   567000    5.6700E+00    1.200919E+00    1.797264E-03    9.691012E-07    6.530899E-06
   568000    5.6800E+00    1.200919E+00    1.797260E-03    9.691012E-07    6.530899E-06
   569000    5.6900E+00    1.200919E+00    1.797256E-03    9.691013E-07    6.530899E-06
   570000    5.7000E+00    1.200919E+00    1.797253E-03    9.691014E-07    6.530899E-06
   571000    5.7100E+00    1.200919E+00    1.797249E-03    9.691015E-07    6.530899E-06
   572000    5.7200E+00    1.200919E+00    1.797246E-03    9.691015E-07    6.530898E-06
   573000    5.7300E+00    1.200919E+00    1.797243E-03    9.691016E-07    6.530898E-06
   574000    5.7400E+00    1.200919E+00    1.797239E-03    9.691017E-07    6.530898E-06
   575000    5.7500E+00    1.200919E+00    1.797236E-03    9.691017E-07    6.530898E-06
   576000    5.7600E+00    1.200919E+00    1.797233E-03    9.691018E-07    6.530898E-06
   577000    5.7700E+00    1.200919E+00    1.797230E-03    9.691019E-07    6.530898E-06
   578000    5.7800E+00    1.200919E+00    1.797227E-03    9.691019E-07    6.530898E-06
   579000    5.7900E+00    1.200919E+00    1.797225E-03    9.691020E-07    6.530898E-06
   580000    5.8000E+00    1.200919E+00    1.797222E-03    9.691021E-07    6.530898E-06
   581000    5.8100E+00    1.200919E+00    1.797219E-03    9.691021E-07    6.530898E-06
   582000    5.8200E+00    1.200919E+00    1.797217E-03    9.691022E-07    6.530898E-06
   583000    5.8300E+00    1.200919E+00    1.797214E-03    9.691022E-07    6.530898E-06
   584000    5.8400E+00    1.200919E+00    1.797212E-03    9.691023E-07    6.530898E-06
   585000    5.8500E+00    1.200919E+00    1.797209E-03    9.691023E-07    6.530898E-06
   586000    5.8600E+00    1.200919E+00    1.797207E-03    9.691024E-07    6.530898E-06
   587000    5.8700E+00    1.200919E+00    1.797205E-03    9.691024E-07    6.530898E-06
   588000    5.8800E+00    1.200919E+00    1.797203E-03    9.691025E-07    6.530898E-06
   589000    5.8900E+00    1.200919E+00    1.797201E-03    9.691025E-07    6.530898E-06
   590000    5.9000E+00    1.200919E+00    1.797199E-03    9.691025E-07    6.530897E-06
   591000    5.9100E+00    1.200919E+00    1.797197E-03    9.691026E-07    6.530897E-06
   592000    5.9200E+00    1.200919E+00    1.797195E-03    9.691026E-07    6.530897E-06
   593000    5.9300E+00    1.200919E+00    1.797193E-03    9.691027E-07    6.530897E-06
   594000    5.9400E+00    1.200919E+00    1.797191E-03    9.691027E-07    6.530897E-06
   595000    5.9500E+00    1.200919E+00    1.797189E-03    9.691027E-07    6.530897E-06
   596000    5.9600E+00    1.200919E+00    1.797188E-03    9.691028E-07    6.530897E-06
   597000    5.9700E+00    1.200919E+00    1.797186E-03    9.691028E-07    6.530897E-06
   598000    5.9800E+00    1.200919E+00    1.797184E-03    9.691028E-07    6.530897E-06
   599000    5.9900E+00    1.200919E+00    1.797183E-03    9.691029E-07    6.530897E-06
   600000    6.0000E+00    1.200919E+00    1.797181E-03    9.691029E-07    6.530897E-06
   601000    6.0100E+00    1.200919E+00    1.797180E-03    9.691029E-07    6.530897E-06
   602000    6.0200E+00    1.200919E+00    1.797178E-03    9.691030E-07    6.530897E-06
   603000    6.0300E+00    1.200919E+00    1.797177E-03    9.691030E-07    6.530897E-06
   604000    6.0400E+00    1.200919E+00    1.797176E-03    9.691030E-07    6.530897E-06
   605000    6.0500E+00    1.200919E+00    1.797174E-03    9.691031E-07    6.530897E-06
   606000    6.0600E+00    1.200919E+00    1.797173E-03    9.691031E-07    6.530897E-06
   607000    6.0700E+00    1.200919E+00    1.797172E-03    9.691031E-07    6.530897E-06
   608000    6.0800E+00    1.200919E+00    1.797170E-03    9.691031E-07    6.530897E-06
   609000    6.0900E+00    1.200919E+00    1.797169E-03    9.691032E-07    6.530897E-06
   610000    6.1000E+00    1.200919E+00    1.797168E-03    9.691032E-07    6.530897E-06
   611000    6.1100E+00    1.200919E+00    1.797167E-03    9.691032E-07    6.530897E-06
   612000    6.1200E+00    1.200919E+00    1.797166E-03    9.691032E-07    6.530897E-06
   613000    6.1300E+00    1.200919E+00    1.797165E-03    9.691033E-07    6.530897E-06
   614000    6.1400E+00    1.200919E+00    1.797164E-03    9.691033E-07    6.530897E-06
   615000    6.1500E+00    1.200919E+00    1.797163E-03    9.691033E-07    6.530897E-06
   616000    6.1600E+00    1.200919E+00    1.797162E-03    9.691033E-07    6.530897E-06
   617000    6.1700E+00    1.200919E+00    1.797161E-03    9.691033E-07    6.530897E-06
   618000    6.1800E+00    1.200919E+00    1.797160E-03    9.691034E-07    6.530897E-06
   619000    6.1900E+00    1.200919E+00    1.797159E-03    9.691034E-07    6.530897E-06
   620000    6.2000E+00    1.200919E+00    1.797158E-03    9.691034E-07    6.530897E-06
   621000    6.2100E+00    1.200919E+00    1.797157E-03    9.691034E-07    6.530897E-06
   622000    6.2200E+00    1.200919E+00    1.797157E-03    9.691034E-07    6.530897E-06
   623000    6.2300E+00    1.200919E+00    1.797156E-03    9.691034E-07    6.530897E-06
   624000    6.2400E+00    1.200919E+00    1.797155E-03    9.691035E-07    6.530897E-06
   625000    6.2500E+00    1.200919E+00    1.797154E-03    9.691035E-07    6.530897E-06
   626000    6.2600E+00    1.200919E+00    1.797154E-03    9.691035E-07    6.530897E-06
   627000    6.2700E+00    1.200919E+00    1.797153E-03    9.691035E-07    6.530896E-06
   628000    6.2800E+00    1.200919E+00    1.797152E-03    9.691035E-07    6.530896E-06
   629000    6.2900E+00    1.200919E+00    1.797152E-03    9.691035E-07    6.530896E-06
   630000    6.3000E+00    1.200919E+00    1.797151E-03    9.691035E-07    6.530896E-06
   631000    6.3100E+00    1.200919E+00    1.797150E-03    9.691036E-07    6.530896E-06
   632000    6.3200E+00    1.200919E+00    1.797150E-03    9.691036E-07    6.530896E-06
   633000    6.3300E+00    1.200919E+00    1.797149E-03    9.691036E-07    6.530896E-06
   634000    6.3400E+00    1.200919E+00    1.797149E-03    9.691036E-07    6.530896E-06
   635000    6.3500E+00    1.200919E+00    1.797148E-03    9.691036E-07    6.530896E-06
   636000    6.3600E+00    1.200919E+00    1.797147E-03    9.691036E-07    6.530896E-06
   637000    6.3700E+00    1.200919E+00    1.797147E-03    9.691036E-07    6.530896E-06
   638000    6.3800E+00    1.200920E+00    1.797146E-03    9.691036E-07    6.530896E-06
   639000    6.3900E+00    1.200920E+00    1.797146E-03    9.691037E-07    6.530896E-06
   640000    6.4000E+00    1.200920E+00    1.797145E-03    9.691037E-07    6.530896E-06
   641000    6.4100E+00    1.200920E+00    1.797145E-03    9.691037E-07    6.530896E-06
   642000    6.4200E+00    1.200920E+00    1.797144E-03    9.691037E-07    6.530896E-06
   643000    6.4300E+00    1.200920E+00    1.797144E-03    9.691037E-07    6.530896E-06
   644000    6.4400E+00    1.200920E+00    1.797144E-03    9.691037E-07    6.530896E-06
   645000    6.4500E+00    1.200920E+00    1.797143E-03    9.691037E-07    6.530896E-06
   646000    6.4600E+00    1.200920E+00    1.797143E-03    9.691037E-07    6.530896E-06
   647000    6.4700E+00    1.200920E+00    1.797142E-03    9.691037E-07    6.530896E-06
   648000    6.4800E+00    1.200920E+00    1.797142E-03    9.691037E-07    6.530896E-06
   649000    6.4900E+00    1.200920E+00    1.797142E-03    9.691037E-07    6.530896E-06
   650000    6.5000E+00    1.200920E+00    1.797141E-03    9.691038E-07    6.530896E-06
   651000    6.5100E+00    1.200920E+00    1.797141E-03    9.691038E-07    6.530896E-06
   652000    6.5200E+00    1.200920E+00    1.797141E-03    9.691038E-07    6.530896E-06
   653000    6.5300E+00    1.200920E+00    1.797140E-03    9.691038E-07    6.530896E-06
   654000    6.5400E+00    1.200920E+00    1.797140E-03    9.691038E-07    6.530896E-06
   655000    6.5500E+00    1.200920E+00    1.797140E-03    9.691038E-07    6.530896E-06
   656000    6.5600E+00    1.200920E+00    1.797139E-03    9.691038E-07    6.530896E-06
   657000    6.5700E+00    1.200920E+00    1.797139E-03    9.691038E-07    6.530896E-06
   658000    6.5800E+00    1.200920E+00    1.797139E-03    9.691038E-07    6.530896E-06
   659000    6.5900E+00    1.200920E+00    1.797138E-03    9.691038E-07    6.530896E-06
   660000    6.6000E+00    1.200920E+00    1.797138E-03    9.691038E-07    6.530896E-06
   661000    6.6100E+00    1.200920E+00    1.797138E-03    9.691038E-07    6.530896E-06
   662000    6.6200E+00    1.200920E+00    1.797138E-03    9.691038E-07    6.530896E-06
   663000    6.6300E+00    1.200920E+00    1.797137E-03    9.691038E-07    6.530896E-06
   664000    6.6400E+00    1.200920E+00    1.797137E-03    9.691038E-07    6.530896E-06
   665000    6.6500E+00    1.200920E+00    1.797137E-03    9.691038E-07    6.530896E-06
   666000    6.6600E+00    1.200920E+00    1.797137E-03    9.691038E-07    6.530896E-06
   667000    6.6700E+00    1.200920E+00    1.797136E-03    9.691039E-07    6.530896E-06
   668000    6.6800E+00    1.200920E+00    1.797136E-03    9.691039E-07    6.530896E-06
   669000    6.6900E+00    1.200920E+00    1.797136E-03    9.691039E-07    6.530896E-06
   670000    6.7000E+00    1.200920E+00    1.797136E-03    9.691039E-07    6.530896E-06
   671000    6.7100E+00    1.200920E+00    1.797136E-03    9.691039E-07    6.530896E-06
   672000    6.7200E+00    1.200920E+00    1.797135E-03    9.691039E-07    6.530896E-06
   673000    6.7300E+00    1.200920E+00    1.797135E-03    9.691039E-07    6.530896E-06
   674000    6.7400E+00    1.200920E+00    1.797135E-03    9.691039E-07    6.530896E-06
   675000    6.7500E+00    1.200920E+00    1.797135E-03    9.691039E-07    6.530896E-06
   676000    6.7600E+00    1.200920E+00    1.797135E-03    9.691039E-07    6.530896E-06
   677000    6.7700E+00    1.200920E+00    1.797134E-03    9.691039E-07    6.530896E-06
   678000    6.7800E+00    1.200920E+00    1.797134E-03    9.691039E-07    6.530896E-06
   679000    6.7900E+00    1.200920E+00    1.797134E-03    9.691039E-07    6.530896E-06
   680000    6.8000E+00    1.200920E+00    1.797134E-03    9.691039E-07    6.530896E-06
   681000    6.8100E+00    1.200920E+00    1.797134E-03    9.691039E-07    6.530896E-06
   682000    6.8200E+00    1.200920E+00    1.797134E-03    9.691039E-07    6.530896E-06
   683000    6.8300E+00    1.200920E+00    1.797134E-03    9.691039E-07    6.530896E-06
   684000    6.8400E+00    1.200920E+00    1.797133E-03    9.691039E-07    6.530896E-06
   685000    6.8500E+00    1.200920E+00    1.797133E-03    9.691039E-07    6.530896E-06
   686000    6.8600E+00    1.200920E+00    1.797133E-03    9.691039E-07    6.530896E-06
   687000    6.8700E+00    1.200920E+00    1.797133E-03    9.691039E-07    6.530896E-06
   688000    6.8800E+00    1.200920E+00    1.797133E-03    9.691039E-07    6.530896E-06
   689000    6.8900E+00    1.200920E+00    1.797133E-03    9.691039E-07    6.530896E-06
   690000    6.9000E+00    1.200920E+00    1.797133E-03    9.691039E-07    6.530896E-06
   691000    6.9100E+00    1.200920E+00    1.797133E-03    9.691039E-07    6.530896E-06
   692000    6.9200E+00    1.200920E+00    1.797132E-03    9.691039E-07    6.530896E-06
   693000    6.9300E+00    1.200920E+00    1.797132E-03    9.691039E-07    6.530896E-06
   694000    6.9400E+00    1.200920E+00    1.797132E-03    9.691039E-07    6.530896E-06
   695000    6.9500E+00    1.200920E+00    1.797132E-03    9.691039E-07    6.530896E-06
   696000    6.9600E+00    1.200920E+00    1.797132E-03    9.691039E-07    6.530896E-06
   697000    6.9700E+00    1.200920E+00    1.797132E-03    9.691039E-07    6.530896E-06
   698000    6.9800E+00    1.200920E+00    1.797132E-03    9.691039E-07    6.530896E-06
   699000    6.9900E+00    1.200920E+00    1.797132E-03    9.691039E-07    6.530896E-06
   700000    7.0000E+00    1.200920E+00    1.797132E-03    9.691040E-07    6.530896E-06
   701000    7.0100E+00    1.200920E+00    1.797132E-03    9.691040E-07    6.530896E-06
   702000    7.0200E+00    1.200920E+00    1.797132E-03    9.691040E-07    6.530896E-06
   703000    7.0300E+00    1.200920E+00    1.797131E-03    9.691040E-07    6.530896E-06
   704000    7.0400E+00    1.200920E+00    1.797131E-03    9.691040E-07    6.530896E-06
   705000    7.0500E+00    1.200920E+00    1.797131E-03    9.691040E-07    6.530896E-06
   706000    7.0600E+00    1.200920E+00    1.797131E-03    9.691040E-07    6.530896E-06
   707000    7.0700E+00    1.200920E+00    1.797131E-03    9.691040E-07    6.530896E-06
   708000    7.0800E+00    1.200920E+00    1.797131E-03    9.691040E-07    6.530896E-06
   709000    7.0900E+00    1.200920E+00    1.797131E-03    9.691040E-07    6.530896E-06
   710000    7.1000E+00    1.200920E+00    1.797131E-03    9.691040E-07    6.530896E-06
   711000    7.1100E+00    1.200920E+00    1.797131E-03    9.691040E-07    6.530896E-06
   712000    7.1200E+00    1.200920E+00    1.797131E-03    9.691040E-07    6.530896E-06
   713000    7.1300E+00    1.200920E+00    1.797131E-03    9.691040E-07    6.530896E-06
   714000    7.1400E+00    1.200920E+00    1.797131E-03    9.691040E-07    6.530896E-06
   715000    7.1500E+00    1.200920E+00    1.797131E-03    9.691040E-07    6.530896E-06
   716000    7.1600E+00    1.200920E+00    1.797131E-03    9.691040E-07    6.530896E-06
   717000    7.1700E+00    1.200920E+00    1.797131E-03    9.691040E-07    6.530896E-06
   718000    7.1800E+00    1.200920E+00    1.797130E-03    9.691040E-07    6.530896E-06
   719000    7.1900E+00    1.200920E+00    1.797130E-03    9.691040E-07    6.530896E-06
   720000    7.2000E+00    1.200920E+00    1.797130E-03    9.691040E-07    6.530896E-06
   721000    7.2100E+00    1.200920E+00    1.797130E-03    9.691040E-07    6.530896E-06
   722000    7.2200E+00    1.200920E+00    1.797130E-03    9.691040E-07    6.530896E-06
   723000    7.2300E+00    1.200920E+00    1.797130E-03    9.691040E-07    6.530896E-06
   724000    7.2400E+00    1.200920E+00    1.797130E-03    9.691040E-07    6.530896E-06
   725000    7.2500E+00    1.200920E+00    1.797130E-03    9.691040E-07    6.530896E-06
   726000    7.2600E+00    1.200920E+00    1.797130E-03    9.691040E-07    6.530896E-06
   727000    7.2700E+00    1.200920E+00    1.797130E-03    9.691040E-07    6.530896E-06
   728000    7.2800E+00    1.200920E+00    1.797130E-03    9.691040E-07    6.530896E-06
   729000    7.2900E+00    1.200920E+00    1.797130E-03    9.691040E-07    6.530896E-06
   730000    7.3000E+00    1.200920E+00    1.797130E-03    9.691040E-07    6.530896E-06
   731000    7.3100E+00    1.200920E+00    1.797130E-03    9.691040E-07    6.530896E-06
   732000    7.3200E+00    1.200920E+00    1.797130E-03    9.691040E-07    6.530896E-06
   733000    7.3300E+00    1.200920E+00    1.797130E-03    9.691040E-07    6.530896E-06
   734000    7.3400E+00    1.200920E+00    1.797130E-03    9.691040E-07    6.530896E-06
   735000    7.3500E+00    1.200920E+00    1.797130E-03    9.691040E-07    6.530896E-06
   736000    7.3600E+00    1.200920E+00    1.797130E-03    9.691040E-07    6.530896E-06
   737000    7.3700E+00    1.200920E+00    1.797130E-03    9.691040E-07    6.530896E-06
   738000    7.3800E+00    1.200920E+00    1.797130E-03    9.691040E-07    6.530896E-06
   739000    7.3900E+00    1.200920E+00    1.797130E-03    9.691040E-07    6.530896E-06
   740000    7.4000E+00    1.200920E+00    1.797130E-03    9.691040E-07    6.530896E-06
   741000    7.4100E+00    1.200920E+00    1.797130E-03    9.691040E-07    6.530896E-06
   742000    7.4200E+00    1.200920E+00    1.797130E-03    9.691040E-07    6.530896E-06
   743000    7.4300E+00    1.200920E+00    1.797130E-03    9.691040E-07    6.530896E-06
   744000    7.4400E+00    1.200920E+00    1.797130E-03    9.691040E-07    6.530896E-06
   745000    7.4500E+00    1.200920E+00    1.797130E-03    9.691040E-07    6.530896E-06
   746000    7.4600E+00    1.200920E+00    1.797129E-03    9.691040E-07    6.530896E-06
   747000    7.4700E+00    1.200920E+00    1.797129E-03    9.691040E-07    6.530896E-06
   748000    7.4800E+00    1.200920E+00    1.797129E-03    9.691040E-07    6.530896E-06
   749000    7.4900E+00    1.200920E+00    1.797129E-03    9.691040E-07    6.530896E-06
   750000    7.5000E+00    1.200920E+00    1.797129E-03    9.691040E-07    6.530896E-06
