iteration          time             xO2              xO          xE(s1)          xO(s1)         xO2(s1)
        0    0.0000E+00    1.082445E+00    1.202717E-01    4.228600E-06    1.000000E-15    1.000000E-15
        1    1.0000E-10    1.082445E+00    1.202717E-01    4.204682E-06    3.286690E-09    2.063148E-08
        2    2.0000E-10    1.082445E+00    1.202717E-01    4.172977E-06    7.643798E-09    4.797889E-08
        3    3.0000E-10    1.082445E+00    1.202717E-01    4.138878E-06    1.233067E-08    7.739156E-08
        4    4.0000E-10    1.082445E+00    1.202717E-01    4.104184E-06    1.709995E-08    1.073162E-07
        5    5.0000E-10    1.082445E+00    1.202717E-01    4.069496E-06    2.186919E-08    1.372352E-07
        6    6.0000E-10    1.082445E+00    1.202717E-01    4.035012E-06    2.661106E-08    1.669769E-07
        7    7.0000E-10    1.082445E+00    1.202717E-01    4.000798E-06    3.131668E-08    1.964855E-07
        8    8.0000E-10    1.082445E+00    1.202717E-01    3.966873E-06    3.598331E-08    2.257439E-07
        9    9.0000E-10    1.082445E+00    1.202717E-01    3.933242E-06    4.061028E-08    2.547480E-07
       10    1.0000E-09    1.082445E+00    1.202717E-01    3.899905E-06    4.519757E-08    2.834977E-07
       11    1.1000E-09    1.082445E+00    1.202717E-01    3.866860E-06    4.974544E-08    3.119946E-07
       12    1.2000E-09    1.082445E+00    1.202717E-01    3.834105E-06    5.425419E-08    3.402407E-07
       13    1.3000E-09    1.082445E+00    1.202716E-01    3.801638E-06    5.872415E-08    3.682381E-07
       14    1.4000E-09    1.082445E+00    1.202716E-01    3.769455E-06    6.315565E-08    3.959889E-07
       15    1.5000E-09    1.082445E+00    1.202716E-01    3.737556E-06    6.754903E-08    4.234954E-07
       16    1.6000E-09    1.082445E+00    1.202716E-01    3.705936E-06    7.190462E-08    4.507596E-07
       17    1.7000E-09    1.082445E+00    1.202716E-01    3.674594E-06    7.622277E-08    4.777837E-07
       18    1.8000E-09    1.082445E+00    1.202716E-01    3.643526E-06    8.050378E-08    5.045698E-07
       19    1.9000E-09    1.082445E+00    1.202716E-01    3.612732E-06    8.474799E-08    5.311200E-07
       20    2.0000E-09    1.082445E+00    1.202716E-01    3.582208E-06    8.895573E-08    5.574363E-07
       21    2.1000E-09    1.082445E+00    1.202716E-01    3.551952E-06    9.312731E-08    5.835209E-07
       22    2.2000E-09    1.082445E+00    1.202716E-01    3.521961E-06    9.726305E-08    6.093756E-07
       23    2.3000E-09    1.082445E+00    1.202716E-01    3.492234E-06    1.013633E-07    6.350027E-07
       24    2.4000E-09    1.082445E+00    1.202716E-01    3.462768E-06    1.054282E-07    6.604040E-07
       25    2.5000E-09    1.082445E+00    1.202716E-01    3.433560E-06    1.094583E-07    6.855815E-07
       26    2.6000E-09    1.082445E+00    1.202716E-01    3.404609E-06    1.134538E-07    7.105373E-07
       27    2.7000E-09    1.082445E+00    1.202716E-01    3.375912E-06    1.174150E-07    7.352732E-07
       28    2.8000E-09    1.082445E+00    1.202716E-01    3.347467E-06    1.213422E-07    7.597911E-07
       29    2.9000E-09    1.082445E+00    1.202716E-01    3.319271E-06    1.252357E-07    7.840931E-07
       30    3.0000E-09    1.082445E+00    1.202716E-01    3.291323E-06    1.290958E-07    8.081810E-07
       31    3.1000E-09    1.082445E+00    1.202716E-01    3.263621E-06    1.329228E-07    8.320566E-07
       32    3.2000E-09    1.082445E+00    1.202716E-01    3.236161E-06    1.367169E-07    8.557219E-07
       33    3.3000E-09    1.082445E+00    1.202716E-01    3.208943E-06    1.404786E-07    8.791787E-07
       34    3.4000E-09    1.082445E+00    1.202716E-01    3.181963E-06    1.442079E-07    9.024288E-07
       35    3.5000E-09    1.082445E+00    1.202716E-01    3.155221E-06    1.479054E-07    9.254740E-07
       36    3.6000E-09    1.082445E+00    1.202716E-01    3.128713E-06    1.515711E-07    9.483162E-07
       37    3.7000E-09    1.082445E+00    1.202716E-01    3.102438E-06    1.552054E-07    9.709570E-07
       38    3.8000E-09    1.082445E+00    1.202716E-01    3.076393E-06    1.588086E-07    9.933984E-07
       39    3.9000E-09    1.082445E+00    1.202716E-01    3.050577E-06    1.623810E-07    1.015642E-06
       40    4.0000E-09    1.082445E+00    1.202716E-01    3.024988E-06    1.659227E-07    1.037689E-06
       41    4.1000E-09    1.082445E+00    1.202716E-01    2.999623E-06    1.694341E-07    1.059543E-06
       42    4.2000E-09    1.082445E+00    1.202716E-01    2.974481E-06    1.729155E-07    1.081203E-06
       43    4.3000E-09    1.082445E+00    1.202716E-01    2.949560E-06    1.763671E-07    1.102673E-06
       44    4.4000E-09    1.082445E+00    1.202716E-01    2.924857E-06    1.797892E-07    1.123954E-06
       45    4.5000E-09    1.082445E+00    1.202716E-01    2.900372E-06    1.831820E-07    1.145046E-06
       46    4.6000E-09    1.082445E+00    1.202716E-01    2.876101E-06    1.865457E-07    1.165953E-06
       47    4.7000E-09    1.082445E+00    1.202716E-01    2.852043E-06    1.898807E-07    1.186676E-06
       48    4.8000E-09    1.082445E+00    1.202716E-01    2.828197E-06    1.931873E-07    1.207216E-06
       49    4.9000E-09    1.082445E+00    1.202716E-01    2.804559E-06    1.964655E-07    1.227575E-06
       50    5.0000E-09    1.082445E+00    1.202716E-01    2.781130E-06    1.997157E-07    1.247755E-06
       51    5.1000E-09    1.082445E+00    1.202716E-01    2.757906E-06    2.029382E-07    1.267756E-06
       52    5.2000E-09    1.082445E+00    1.202716E-01    2.734885E-06    2.061332E-07    1.287581E-06
       53    5.3000E-09    1.082445E+00    1.202716E-01    2.712067E-06    2.093008E-07    1.307232E-06
       54    5.4000E-09    1.082445E+00    1.202716E-01    2.689450E-06    2.124415E-07    1.326709E-06
       55    5.5000E-09    1.082445E+00    1.202716E-01    2.667030E-06    2.155553E-07    1.346014E-06
       56    5.6000E-09    1.082445E+00    1.202716E-01    2.644808E-06    2.186426E-07    1.365150E-06
       57    5.7000E-09    1.082445E+00    1.202716E-01    2.622780E-06    2.217035E-07    1.384116E-06
       58    5.8000E-09    1.082445E+00    1.202716E-01    2.600946E-06    2.247383E-07    1.402915E-06
       59    5.9000E-09    1.082445E+00    1.202716E-01    2.579304E-06    2.277473E-07    1.421549E-06
       60    6.0000E-09    1.082445E+00    1.202716E-01    2.557852E-06    2.307306E-07    1.440018E-06
       61    6.1000E-09    1.082445E+00    1.202716E-01    2.536587E-06    2.336884E-07    1.458324E-06
       62    6.2000E-09    1.082445E+00    1.202716E-01    2.515510E-06    2.366211E-07    1.476469E-06
       63    6.3000E-09    1.082445E+00    1.202716E-01    2.494618E-06    2.395288E-07    1.494454E-06
       64    6.4000E-09    1.082445E+00    1.202716E-01    2.473909E-06    2.424117E-07    1.512280E-06
       65    6.5000E-09    1.082445E+00    1.202716E-01    2.453381E-06    2.452701E-07    1.529949E-06
       66    6.6000E-09    1.082445E+00    1.202716E-01    2.433034E-06    2.481042E-07    1.547462E-06
       67    6.7000E-09    1.082445E+00    1.202716E-01    2.412866E-06    2.509141E-07    1.564820E-06
       68    6.8000E-09    1.082445E+00    1.202716E-01    2.392874E-06    2.537001E-07    1.582025E-06
       69    6.9000E-09    1.082445E+00    1.202716E-01    2.373059E-06    2.564624E-07    1.599079E-06
       70    7.0000E-09    1.082445E+00    1.202716E-01    2.353417E-06    2.592013E-07    1.615982E-06
       71    7.1000E-09    1.082445E+00    1.202716E-01    2.333947E-06    2.619169E-07    1.632736E-06
       72    7.2000E-09    1.082445E+00    1.202716E-01    2.314648E-06    2.646093E-07    1.649342E-06
       73    7.3000E-09    1.082445E+00    1.202716E-01    2.295519E-06    2.672789E-07    1.665802E-06
       74    7.4000E-09    1.082445E+00    1.202716E-01    2.276558E-06    2.699259E-07    1.682116E-06
       75    7.5000E-09    1.082445E+00    1.202716E-01    2.257763E-06    2.725503E-07    1.698287E-06
       76    7.6000E-09    1.082445E+00    1.202716E-01    2.239133E-06    2.751525E-07    1.714315E-06
       77    7.7000E-09    1.082445E+00    1.202716E-01    2.220666E-06    2.777326E-07    1.730201E-06
       78    7.8000E-09    1.082445E+00    1.202716E-01    2.202362E-06    2.802908E-07    1.745947E-06
       79    7.9000E-09    1.082445E+00    1.202716E-01    2.184218E-06    2.828273E-07    1.761554E-06
       80    8.0000E-09    1.082445E+00    1.202716E-01    2.166234E-06    2.853423E-07    1.777024E-06
       81    8.1000E-09    1.082445E+00    1.202716E-01    2.148408E-06    2.878359E-07    1.792357E-06
       82    8.2000E-09    1.082445E+00    1.202716E-01    2.130738E-06    2.903085E-07    1.807554E-06
       83    8.3000E-09    1.082445E+00    1.202716E-01    2.113223E-06    2.927600E-07    1.822617E-06
       84    8.4000E-09    1.082445E+00    1.202716E-01    2.095861E-06    2.951909E-07    1.837548E-06
       85    8.5000E-09    1.082445E+00    1.202716E-01    2.078653E-06    2.976011E-07    1.852346E-06
       86    8.6000E-09    1.082445E+00    1.202716E-01    2.061595E-06    2.999909E-07    1.867014E-06
       87    8.7000E-09    1.082445E+00    1.202716E-01    2.044687E-06    3.023605E-07    1.881553E-06
       88    8.8000E-09    1.082445E+00    1.202716E-01    2.027927E-06    3.047101E-07    1.895963E-06
       89    8.9000E-09    1.082445E+00    1.202716E-01    2.011315E-06    3.070398E-07    1.910245E-06
       90    9.0000E-09    1.082445E+00    1.202716E-01    1.994848E-06    3.093498E-07    1.924402E-06
       91    9.1000E-09    1.082445E+00    1.202716E-01    1.978526E-06    3.116402E-07    1.938434E-06
       92    9.2000E-09    1.082445E+00    1.202716E-01    1.962347E-06    3.139113E-07    1.952342E-06
       93    9.3000E-09    1.082445E+00    1.202716E-01    1.946310E-06    3.161632E-07    1.966127E-06
       94    9.4000E-09    1.082445E+00    1.202716E-01    1.930414E-06    3.183961E-07    1.979790E-06
       95    9.5000E-09    1.082445E+00    1.202716E-01    1.914658E-06    3.206102E-07    1.993332E-06
       96    9.6000E-09    1.082445E+00    1.202716E-01    1.899039E-06    3.228056E-07    2.006755E-06
       97    9.7000E-09    1.082445E+00    1.202716E-01    1.883558E-06    3.249824E-07    2.020059E-06
       98    9.8000E-09    1.082445E+00    1.202716E-01    1.868213E-06    3.271409E-07    2.033246E-06
       99    9.9000E-09    1.082445E+00    1.202716E-01    1.853002E-06    3.292812E-07    2.046317E-06
      100    1.0000E-08    1.082445E+00    1.202716E-01    1.837925E-06    3.314034E-07    2.059271E-06
