iteration          time             xO2              xO          xE(s1)          xO(s1)         xO2(s1)
        0    0.0000E+00    1.082445E+00    1.202717E-01    4.228600E-06    1.000000E-15    1.000000E-15
      100    1.0000E-08    1.082445E+00    1.202716E-01    1.837925E-06    3.314034E-07    2.059271E-06
      200    2.0000E-08    1.082445E+00    1.202715E-01    8.403523E-07    4.746481E-07    2.913600E-06
      300    3.0000E-08    1.082445E+00    1.202714E-01    4.271504E-07    5.386936E-07    3.262756E-06
      400    4.0000E-08    1.082445E+00    1.202714E-01    2.559064E-07    5.697059E-07    3.402988E-06
      500    5.0000E-08    1.082445E+00    1.202714E-01    1.848494E-07    5.868116E-07    3.456939E-06
      600    6.0000E-08    1.082445E+00    1.202713E-01    1.552812E-07    5.979414E-07    3.475377E-06
      700    7.0000E-08    1.082445E+00    1.202713E-01    1.428983E-07    6.063901E-07    3.479312E-06
      800    8.0000E-08    1.082445E+00    1.202712E-01    1.376378E-07    6.135324E-07    3.477430E-06
      900    9.0000E-08    1.082445E+00    1.202712E-01    1.353331E-07    6.199476E-07    3.473319E-06
     1000    1.0000E-07    1.082446E+00    1.202711E-01    1.342587E-07    6.258849E-07    3.468456E-06
     1100    1.1000E-07    1.082446E+00    1.202711E-01    1.336998E-07    6.314567E-07    3.463443E-06
     1200    1.2000E-07    1.082446E+00    1.202710E-01    1.333602E-07    6.367179E-07    3.458522E-06
     1300    1.3000E-07    1.082446E+00    1.202710E-01    1.331169E-07    6.416996E-07    3.453784E-06
     1400    1.4000E-07    1.082446E+00    1.202709E-01    1.329187E-07    6.464222E-07    3.449259E-06
     1500    1.5000E-07    1.082446E+00    1.202709E-01    1.327442E-07    6.509016E-07    3.444954E-06
     1600    1.6000E-07    1.082446E+00    1.202708E-01    1.325842E-07    6.551513E-07    3.440865E-06
     1700    1.7000E-07    1.082446E+00    1.202708E-01    1.324347E-07    6.591834E-07    3.436982E-06
     1800    1.8000E-07    1.082446E+00    1.202707E-01    1.322938E-07    6.630093E-07    3.433297E-06
     1900    1.9000E-07    1.082446E+00    1.202707E-01    1.321605E-07    6.666395E-07    3.429800E-06
     2000    2.0000E-07    1.082446E+00    1.202706E-01    1.320342E-07    6.700842E-07    3.426482E-06
     2100    2.1000E-07    1.082446E+00    1.202706E-01    1.319144E-07    6.733528E-07    3.423333E-06
     2200    2.2000E-07    1.082446E+00    1.202705E-01    1.318008E-07    6.764543E-07    3.420345E-06
     2300    2.3000E-07    1.082446E+00    1.202705E-01    1.316930E-07    6.793973E-07    3.417510E-06
     2400    2.4000E-07    1.082446E+00    1.202704E-01    1.315907E-07    6.821898E-07    3.414820E-06
     2500    2.5000E-07    1.082446E+00    1.202704E-01    1.314936E-07    6.848396E-07    3.412267E-06
     2600    2.6000E-07    1.082446E+00    1.202704E-01    1.314015E-07    6.873539E-07    3.409845E-06
     2700    2.7000E-07    1.082446E+00    1.202703E-01    1.313141E-07    6.897398E-07    3.407546E-06
     2800    2.8000E-07    1.082446E+00    1.202703E-01    1.312312E-07    6.920036E-07    3.405365E-06
     2900    2.9000E-07    1.082446E+00    1.202702E-01    1.311525E-07    6.941518E-07    3.403296E-06
     3000    3.0000E-07    1.082446E+00    1.202702E-01    1.310778E-07    6.961901E-07    3.401332E-06
     3100    3.1000E-07    1.082447E+00    1.202701E-01    1.310070E-07    6.981243E-07    3.399469E-06
     3200    3.2000E-07    1.082447E+00    1.202701E-01    1.309397E-07    6.999595E-07    3.397701E-06
     3300    3.3000E-07    1.082447E+00    1.202700E-01    1.308759E-07    7.017010E-07    3.396023E-06
     3400    3.4000E-07    1.082447E+00    1.202700E-01    1.308154E-07    7.033535E-07    3.394431E-06
     3500    3.5000E-07    1.082447E+00    1.202699E-01    1.307580E-07    7.049215E-07    3.392921E-06
     3600    3.6000E-07    1.082447E+00    1.202699E-01    1.307035E-07    7.064093E-07    3.391487E-06
     3700    3.7000E-07    1.082447E+00    1.202698E-01    1.306517E-07    7.078211E-07    3.390127E-06
     3800    3.8000E-07    1.082447E+00    1.202698E-01    1.306027E-07    7.091607E-07    3.388837E-06
     3900    3.9000E-07    1.082447E+00    1.202697E-01    1.305561E-07    7.104319E-07    3.387612E-06
     4000    4.0000E-07    1.082447E+00    1.202697E-01    1.305119E-07    7.116380E-07    3.386450E-06
     4100    4.1000E-07    1.082447E+00    1.202696E-01    1.304700E-07    7.127826E-07    3.385347E-06
     4200    4.2000E-07    1.082447E+00    1.202696E-01    1.304302E-07    7.138686E-07    3.384301E-06
     4300    4.3000E-07    1.082447E+00    1.202695E-01    1.303925E-07    7.148991E-07    3.383308E-06
     4400    4.4000E-07    1.082447E+00    1.202695E-01    1.303566E-07    7.158769E-07    3.382366E-06
     4500    4.5000E-07    1.082447E+00    1.202694E-01    1.303226E-07    7.168048E-07    3.381473E-06
     4600    4.6000E-07    1.082447E+00    1.202694E-01    1.302904E-07    7.176852E-07    3.380624E-06
     4700    4.7000E-07    1.082447E+00    1.202693E-01    1.302598E-07    7.185206E-07    3.379820E-06
     4800    4.8000E-07    1.082447E+00    1.202693E-01    1.302308E-07    7.193134E-07    3.379056E-06
     4900    4.9000E-07    1.082447E+00    1.202692E-01    1.302032E-07    7.200656E-07    3.378331E-06
     5000    5.0000E-07    1.082447E+00    1.202692E-01    1.301771E-07    7.207793E-07    3.377644E-06
     5100    5.1000E-07    1.082448E+00    1.202691E-01    1.301522E-07    7.214566E-07    3.376991E-06
     5200    5.2000E-07    1.082448E+00    1.202691E-01    1.301287E-07    7.220993E-07    3.376372E-06
     5300    5.3000E-07    1.082448E+00    1.202690E-01    1.301064E-07    7.227091E-07    3.375785E-06
     5400    5.4000E-07    1.082448E+00    1.202690E-01    1.300852E-07    7.232877E-07    3.375227E-06
     5500    5.5000E-07    1.082448E+00    1.202689E-01    1.300651E-07    7.238368E-07    3.374698E-06
     5600    5.6000E-07    1.082448E+00    1.202689E-01    1.300460E-07    7.243578E-07    3.374196E-06
     5700    5.7000E-07    1.082448E+00    1.202688E-01    1.300279E-07    7.248521E-07    3.373720E-06
     5800    5.8000E-07    1.082448E+00    1.202688E-01    1.300107E-07    7.253212E-07    3.373268E-06
     5900    5.9000E-07    1.082448E+00    1.202687E-01    1.299944E-07    7.257664E-07    3.372839E-06
     6000    6.0000E-07    1.082448E+00    1.202687E-01    1.299789E-07    7.261887E-07    3.372432E-06
     6100    6.1000E-07    1.082448E+00    1.202686E-01    1.299642E-07    7.265895E-07    3.372046E-06
     6200    6.2000E-07    1.082448E+00    1.202686E-01    1.299503E-07    7.269698E-07    3.371680E-06
     6300    6.3000E-07    1.082448E+00    1.202685E-01    1.299371E-07    7.273307E-07    3.371332E-06
     6400    6.4000E-07    1.082448E+00    1.202685E-01    1.299245E-07    7.276731E-07    3.371002E-06
     6500    6.5000E-07    1.082448E+00    1.202684E-01    1.299126E-07    7.279980E-07    3.370689E-06
     6600    6.6000E-07    1.082448E+00    1.202684E-01    1.299013E-07    7.283064E-07    3.370392E-06
     6700    6.7000E-07    1.082448E+00    1.202683E-01    1.298906E-07    7.285989E-07    3.370110E-06
     6800    6.8000E-07    1.082448E+00    1.202683E-01    1.298805E-07    7.288765E-07    3.369843E-06
     6900    6.9000E-07    1.082448E+00    1.202682E-01    1.298708E-07    7.291399E-07    3.369589E-06
     7000    7.0000E-07    1.082448E+00    1.202682E-01    1.298617E-07    7.293899E-07    3.369348E-06
     7100    7.1000E-07    1.082449E+00    1.202681E-01    1.298530E-07    7.296271E-07    3.369120E-06
     7200    7.2000E-07    1.082449E+00    1.202681E-01    1.298447E-07    7.298521E-07    3.368903E-06
     7300    7.3000E-07    1.082449E+00    1.202680E-01    1.298369E-07    7.300657E-07    3.368697E-06
     7400    7.4000E-07    1.082449E+00    1.202680E-01    1.298295E-07    7.302683E-07    3.368502E-06
     7500    7.5000E-07    1.082449E+00    1.202679E-01    1.298224E-07    7.304606E-07    3.368317E-06
     7600    7.6000E-07    1.082449E+00    1.202679E-01    1.298158E-07    7.306431E-07    3.368141E-06
     7700    7.7000E-07    1.082449E+00    1.202678E-01    1.298094E-07    7.308162E-07    3.367974E-06
     7800    7.8000E-07    1.082449E+00    1.202678E-01    1.298034E-07    7.309805E-07    3.367816E-06
     7900    7.9000E-07    1.082449E+00    1.202677E-01    1.297977E-07    7.311364E-07    3.367666E-06
     8000    8.0000E-07    1.082449E+00    1.202677E-01    1.297923E-07    7.312843E-07    3.367523E-06
     8100    8.1000E-07    1.082449E+00    1.202676E-01    1.297871E-07    7.314247E-07    3.367388E-06
     8200    8.2000E-07    1.082449E+00    1.202676E-01    1.297823E-07    7.315579E-07    3.367260E-06
     8300    8.3000E-07    1.082449E+00    1.202675E-01    1.297776E-07    7.316843E-07    3.367138E-06
     8400    8.4000E-07    1.082449E+00    1.202675E-01    1.297732E-07    7.318042E-07    3.367023E-06
     8500    8.5000E-07    1.082449E+00    1.202674E-01    1.297691E-07    7.319180E-07    3.366913E-06
     8600    8.6000E-07    1.082449E+00    1.202674E-01    1.297651E-07    7.320260E-07    3.366809E-06
     8700    8.7000E-07    1.082449E+00    1.202673E-01    1.297614E-07    7.321285E-07    3.366710E-06
     8800    8.8000E-07    1.082449E+00    1.202673E-01    1.297578E-07    7.322257E-07    3.366616E-06
     8900    8.9000E-07    1.082449E+00    1.202672E-01    1.297544E-07    7.323180E-07    3.366528E-06
     9000    9.0000E-07    1.082449E+00    1.202672E-01    1.297512E-07    7.324055E-07    3.366443E-06
     9100    9.1000E-07    1.082450E+00    1.202671E-01    1.297482E-07    7.324886E-07    3.366363E-06
     9200    9.2000E-07    1.082450E+00    1.202671E-01    1.297453E-07    7.325674E-07    3.366287E-06
     9300    9.3000E-07    1.082450E+00    1.202670E-01    1.297425E-07    7.326423E-07    3.366215E-06
     9400    9.4000E-07    1.082450E+00    1.202670E-01    1.297399E-07    7.327132E-07    3.366147E-06
     9500    9.5000E-07    1.082450E+00    1.202669E-01    1.297375E-07    7.327806E-07    3.366082E-06
     9600    9.6000E-07    1.082450E+00    1.202669E-01    1.297351E-07    7.328445E-07    3.366020E-06
     9700    9.7000E-07    1.082450E+00    1.202668E-01    1.297329E-07    7.329052E-07    3.365962E-06
     9800    9.8000E-07    1.082450E+00    1.202668E-01    1.297308E-07    7.329627E-07    3.365906E-06
     9900    9.9000E-07    1.082450E+00    1.202667E-01    1.297288E-07    7.330173E-07    3.365854E-06
    10000    1.0000E-06    1.082450E+00    1.202667E-01    1.297269E-07    7.330692E-07    3.365804E-06
