iteration          time             xO2              xO          xE(s1)          xO(s1)         xO2(s1)
        0    0.0000E+00    1.082445E+00    1.202717E-01    4.228600E-06    1.000000E-15    1.000000E-15
     1000    1.0000E-03    1.087387E+00    1.153294E-01    1.296697E-07    7.386535E-07    3.360277E-06
     2000    2.0000E-03    1.092145E+00    1.105718E-01    1.296353E-07    7.434584E-07    3.355506E-06
     3000    3.0000E-03    1.096720E+00    1.059963E-01    1.295885E-07    7.484467E-07    3.350565E-06
     4000    4.0000E-03    1.101119E+00    1.015974E-01    1.295292E-07    7.536258E-07    3.345445E-06
     5000    5.0000E-03    1.105347E+00    9.737001E-02    1.294572E-07    7.590037E-07    3.340139E-06
     6000    6.0000E-03    1.109408E+00    9.330871E-02    1.293723E-07    7.645881E-07    3.334640E-06
     7000    7.0000E-03    1.113308E+00    8.940834E-02    1.292744E-07    7.703873E-07    3.328938E-06
     8000    8.0000E-03    1.117053E+00    8.566373E-02    1.291633E-07    7.764094E-07    3.323027E-06
     9000    9.0000E-03    1.120647E+00    8.206978E-02    1.290388E-07    7.826627E-07    3.316899E-06
    10000    1.0000E-02    1.124095E+00    7.862146E-02    1.289007E-07    7.891557E-07    3.310544E-06
    11000    1.1000E-02    1.127403E+00    7.531382E-02    1.287488E-07    7.958969E-07    3.303954E-06
    12000    1.2000E-02    1.130575E+00    7.214200E-02    1.285829E-07    8.028950E-07    3.297122E-06
    13000    1.3000E-02    1.133615E+00    6.910123E-02    1.284029E-07    8.101586E-07    3.290039E-06
    14000    1.4000E-02    1.136530E+00    6.618682E-02    1.282085E-07    8.176963E-07    3.282695E-06
    15000    1.5000E-02    1.139322E+00    6.339421E-02    1.279995E-07    8.255169E-07    3.275084E-06
    16000    1.6000E-02    1.141998E+00    6.071893E-02    1.277758E-07    8.336291E-07    3.267195E-06
    17000    1.7000E-02    1.144560E+00    5.815662E-02    1.275370E-07    8.420414E-07    3.259022E-06
    18000    1.8000E-02    1.147014E+00    5.570303E-02    1.272831E-07    8.507626E-07    3.250554E-06
    19000    1.9000E-02    1.149363E+00    5.335402E-02    1.270138E-07    8.598010E-07    3.241785E-06
    20000    2.0000E-02    1.151611E+00    5.110557E-02    1.267289E-07    8.691651E-07    3.232706E-06
    21000    2.1000E-02    1.153763E+00    4.895376E-02    1.264282E-07    8.788628E-07    3.223309E-06
    22000    2.2000E-02    1.155822E+00    4.689480E-02    1.261115E-07    8.889024E-07    3.213586E-06
    23000    2.3000E-02    1.157792E+00    4.492502E-02    1.257787E-07    8.992913E-07    3.203530E-06
    24000    2.4000E-02    1.159676E+00    4.304084E-02    1.254295E-07    9.100372E-07    3.193133E-06
    25000    2.5000E-02    1.161478E+00    4.123882E-02    1.250638E-07    9.211471E-07    3.182389E-06
    26000    2.6000E-02    1.163201E+00    3.951560E-02    1.246814E-07    9.326277E-07    3.171291E-06
    27000    2.7000E-02    1.164849E+00    3.786797E-02    1.242823E-07    9.444855E-07    3.159832E-06
    28000    2.8000E-02    1.166424E+00    3.629280E-02    1.238661E-07    9.567262E-07    3.148008E-06
    29000    2.9000E-02    1.167930E+00    3.478708E-02    1.234330E-07    9.693552E-07    3.135812E-06
    30000    3.0000E-02    1.169369E+00    3.334790E-02    1.229827E-07    9.823774E-07    3.123240E-06
    31000    3.1000E-02    1.170744E+00    3.197247E-02    1.225151E-07    9.957971E-07    3.110288E-06
    32000    3.2000E-02    1.172059E+00    3.065807E-02    1.220303E-07    1.009618E-06    3.096952E-06
    33000    3.3000E-02    1.173315E+00    2.940212E-02    1.215282E-07    1.023842E-06    3.083230E-06
    34000    3.4000E-02    1.174515E+00    2.820210E-02    1.210088E-07    1.038473E-06    3.069118E-06
    35000    3.5000E-02    1.175661E+00    2.705562E-02    1.204721E-07    1.053511E-06    3.054617E-06
    36000    3.6000E-02    1.176756E+00    2.596034E-02    1.199182E-07    1.068957E-06    3.039725E-06
    37000    3.7000E-02    1.177803E+00    2.491404E-02    1.193470E-07    1.084811E-06    3.024442E-06
    38000    3.8000E-02    1.178802E+00    2.391459E-02    1.187589E-07    1.101072E-06    3.008769E-06
    39000    3.9000E-02    1.179757E+00    2.295993E-02    1.181538E-07    1.117737E-06    2.992709E-06
    40000    4.0000E-02    1.180669E+00    2.204808E-02    1.175321E-07    1.134804E-06    2.976264E-06
    41000    4.1000E-02    1.181539E+00    2.117715E-02    1.168938E-07    1.152269E-06    2.959437E-06
    42000    4.2000E-02    1.182371E+00    2.034533E-02    1.162392E-07    1.170126E-06    2.942235E-06
    43000    4.3000E-02    1.183166E+00    1.955087E-02    1.155687E-07    1.188370E-06    2.924661E-06
    44000    4.4000E-02    1.183925E+00    1.879210E-02    1.148825E-07    1.206994E-06    2.906724E-06
    45000    4.5000E-02    1.184649E+00    1.806742E-02    1.141810E-07    1.225989E-06    2.888430E-06
    46000    4.6000E-02    1.185341E+00    1.737530E-02    1.134646E-07    1.245347E-06    2.869788E-06
    47000    4.7000E-02    1.186002E+00    1.671427E-02    1.127337E-07    1.265058E-06    2.850808E-06
    48000    4.8000E-02    1.186634E+00    1.608292E-02    1.119887E-07    1.285110E-06    2.831501E-06
    49000    4.9000E-02    1.187237E+00    1.547991E-02    1.112303E-07    1.305492E-06    2.811877E-06
    50000    5.0000E-02    1.187813E+00    1.490394E-02    1.104589E-07    1.326191E-06    2.791950E-06
    51000    5.1000E-02    1.188363E+00    1.435380E-02    1.096751E-07    1.347192E-06    2.771733E-06
    52000    5.2000E-02    1.188888E+00    1.382828E-02    1.088795E-07    1.368482E-06    2.751239E-06
    53000    5.3000E-02    1.189390E+00    1.332628E-02    1.080727E-07    1.390044E-06    2.730484E-06
    54000    5.4000E-02    1.189870E+00    1.284671E-02    1.072554E-07    1.411862E-06    2.709483E-06
    55000    5.5000E-02    1.190328E+00    1.238855E-02    1.064283E-07    1.433919E-06    2.688253E-06
    56000    5.6000E-02    1.190766E+00    1.195080E-02    1.055920E-07    1.456197E-06    2.666811E-06
    57000    5.7000E-02    1.191184E+00    1.153253E-02    1.047474E-07    1.478679E-06    2.645174E-06
    58000    5.8000E-02    1.191584E+00    1.113284E-02    1.038951E-07    1.501344E-06    2.623360E-06
    59000    5.9000E-02    1.191966E+00    1.075087E-02    1.030359E-07    1.524175E-06    2.601389E-06
    60000    6.0000E-02    1.192331E+00    1.038581E-02    1.021707E-07    1.547151E-06    2.579279E-06
    61000    6.1000E-02    1.192680E+00    1.003687E-02    1.013001E-07    1.570252E-06    2.557048E-06
    62000    6.2000E-02    1.193013E+00    9.703312E-03    1.004250E-07    1.593457E-06    2.534718E-06
    63000    6.3000E-02    1.193332E+00    9.384419E-03    9.954619E-08    1.616748E-06    2.512306E-06
    64000    6.4000E-02    1.193637E+00    9.079514E-03    9.866448E-08    1.640102E-06    2.489833E-06
    65000    6.5000E-02    1.193929E+00    8.787949E-03    9.778067E-08    1.663500E-06    2.467319E-06
    66000    6.6000E-02    1.194208E+00    8.509107E-03    9.689555E-08    1.686921E-06    2.444783E-06
    67000    6.7000E-02    1.194474E+00    8.242400E-03    9.600992E-08    1.710346E-06    2.422244E-06
    68000    6.8000E-02    1.194729E+00    7.987266E-03    9.512455E-08    1.733753E-06    2.399723E-06
    69000    6.9000E-02    1.194973E+00    7.743171E-03    9.424022E-08    1.757124E-06    2.377236E-06
    70000    7.0000E-02    1.195207E+00    7.509603E-03    9.335769E-08    1.780438E-06    2.354804E-06
    71000    7.1000E-02    1.195431E+00    7.286079E-03    9.247768E-08    1.803678E-06    2.332445E-06
    72000    7.2000E-02    1.195645E+00    7.072133E-03    9.160093E-08    1.826824E-06    2.310175E-06
    73000    7.3000E-02    1.195849E+00    6.867326E-03    9.072813E-08    1.849859E-06    2.288013E-06
    74000    7.4000E-02    1.196045E+00    6.671236E-03    8.985996E-08    1.872765E-06    2.265975E-06
    75000    7.5000E-02    1.196233E+00    6.483464E-03    8.899706E-08    1.895525E-06    2.244078E-06
    76000    7.6000E-02    1.196413E+00    6.303627E-03    8.814008E-08    1.918124E-06    2.222336E-06
    77000    7.7000E-02    1.196585E+00    6.131364E-03    8.728960E-08    1.940546E-06    2.200764E-06
    78000    7.8000E-02    1.196750E+00    5.966327E-03    8.644621E-08    1.962777E-06    2.179377E-06
    79000    7.9000E-02    1.196908E+00    5.808187E-03    8.561043E-08    1.984801E-06    2.158188E-06
    80000    8.0000E-02    1.197060E+00    5.656631E-03    8.478279E-08    2.006607E-06    2.137210E-06
    81000    8.1000E-02    1.197205E+00    5.511359E-03    8.396378E-08    2.028182E-06    2.116454E-06
    82000    8.2000E-02    1.197345E+00    5.372087E-03    8.315384E-08    2.049514E-06    2.095932E-06
    83000    8.3000E-02    1.197478E+00    5.238545E-03    8.235339E-08    2.070592E-06    2.075655E-06
    84000    8.4000E-02    1.197606E+00    5.110474E-03    8.156284E-08    2.091407E-06    2.055631E-06
    85000    8.5000E-02    1.197729E+00    4.987628E-03    8.078254E-08    2.111948E-06    2.035869E-06
    86000    8.6000E-02    1.197847E+00    4.869775E-03    8.001283E-08    2.132208E-06    2.016379E-06
    87000    8.7000E-02    1.197960E+00    4.756690E-03    7.925400E-08    2.152178E-06    1.997168E-06
    88000    8.8000E-02    1.198068E+00    4.648161E-03    7.850634E-08    2.171853E-06    1.978241E-06
    89000    8.9000E-02    1.198173E+00    4.543988E-03    7.777008E-08    2.191224E-06    1.959605E-06
    90000    9.0000E-02    1.198273E+00    4.443977E-03    7.704545E-08    2.210288E-06    1.941266E-06
    91000    9.1000E-02    1.198369E+00    4.347945E-03    7.633264E-08    2.229039E-06    1.923228E-06
    92000    9.2000E-02    1.198461E+00    4.255718E-03    7.563181E-08    2.247473E-06    1.905495E-06
    93000    9.3000E-02    1.198550E+00    4.167129E-03    7.494309E-08    2.265586E-06    1.888071E-06
    94000    9.4000E-02    1.198635E+00    4.082020E-03    7.426661E-08    2.283376E-06    1.870957E-06
    95000    9.5000E-02    1.198716E+00    4.000240E-03    7.360245E-08    2.300840E-06    1.854157E-06
    96000    9.6000E-02    1.198795E+00    3.921646E-03    7.295068E-08    2.317977E-06    1.837672E-06
    97000    9.7000E-02    1.198871E+00    3.846101E-03    7.231136E-08    2.334786E-06    1.821503E-06
    98000    9.8000E-02    1.198943E+00    3.773473E-03    7.168450E-08    2.351265E-06    1.805650E-06
    99000    9.9000E-02    1.199013E+00    3.703638E-03    7.107012E-08    2.367416E-06    1.790114E-06
   100000    1.0000E-01    1.199080E+00    3.636479E-03    7.046820E-08    2.383237E-06    1.774894E-06
   101000    1.0100E-01    1.199145E+00    3.571881E-03    6.987871E-08    2.398731E-06    1.759990E-06
   102000    1.0200E-01    1.199207E+00    3.509737E-03    6.930162E-08    2.413898E-06    1.745400E-06
   103000    1.0300E-01    1.199267E+00    3.449944E-03    6.873687E-08    2.428740E-06    1.731123E-06
   104000    1.0400E-01    1.199324E+00    3.392404E-03    6.818438E-08    2.443259E-06    1.717157E-06
   105000    1.0500E-01    1.199380E+00    3.337023E-03    6.764406E-08    2.457457E-06    1.703499E-06
   106000    1.0600E-01    1.199433E+00    3.283712E-03    6.711582E-08    2.471337E-06    1.690147E-06
   107000    1.0700E-01    1.199484E+00    3.232386E-03    6.659955E-08    2.484902E-06    1.677098E-06
   108000    1.0800E-01    1.199534E+00    3.182964E-03    6.609514E-08    2.498155E-06    1.664350E-06
   109000    1.0900E-01    1.199581E+00    3.135367E-03    6.560244E-08    2.511099E-06    1.651898E-06
   110000    1.1000E-01    1.199627E+00    3.089522E-03    6.512133E-08    2.523739E-06    1.639740E-06
   111000    1.1100E-01    1.199671E+00    3.045358E-03    6.465165E-08    2.536077E-06    1.627871E-06
   112000    1.1200E-01    1.199714E+00    3.002808E-03    6.419327E-08    2.548118E-06    1.616288E-06
   113000    1.1300E-01    1.199755E+00    2.961806E-03    6.374601E-08    2.559867E-06    1.604987E-06
   114000    1.1400E-01    1.199794E+00    2.922290E-03    6.330972E-08    2.571327E-06    1.593963E-06
   115000    1.1500E-01    1.199832E+00    2.884203E-03    6.288422E-08    2.582503E-06    1.583213E-06
   116000    1.1600E-01    1.199869E+00    2.847487E-03    6.246935E-08    2.593400E-06    1.572731E-06
   117000    1.1700E-01    1.199905E+00    2.812089E-03    6.206493E-08    2.604022E-06    1.562513E-06
   118000    1.1800E-01    1.199939E+00    2.777956E-03    6.167077E-08    2.614374E-06    1.552555E-06
   119000    1.1900E-01    1.199972E+00    2.745040E-03    6.128670E-08    2.624461E-06    1.542853E-06
   120000    1.2000E-01    1.200003E+00    2.713294E-03    6.091253E-08    2.634287E-06    1.533400E-06
   121000    1.2100E-01    1.200034E+00    2.682671E-03    6.054808E-08    2.643858E-06    1.524194E-06
   122000    1.2200E-01    1.200064E+00    2.653130E-03    6.019315E-08    2.653179E-06    1.515228E-06
   123000    1.2300E-01    1.200092E+00    2.624628E-03    5.984756E-08    2.662254E-06    1.506498E-06
   124000    1.2400E-01    1.200120E+00    2.597126E-03    5.951113E-08    2.671089E-06    1.498000E-06
   125000    1.2500E-01    1.200146E+00    2.570586E-03    5.918365E-08    2.679688E-06    1.489728E-06
   126000    1.2600E-01    1.200172E+00    2.544971E-03    5.886496E-08    2.688056E-06    1.481679E-06
   127000    1.2700E-01    1.200196E+00    2.520247E-03    5.855485E-08    2.696199E-06    1.473846E-06
   128000    1.2800E-01    1.200220E+00    2.496380E-03    5.825314E-08    2.704121E-06    1.466226E-06
   129000    1.2900E-01    1.200243E+00    2.473339E-03    5.795964E-08    2.711827E-06    1.458813E-06
   130000    1.3000E-01    1.200266E+00    2.451092E-03    5.767418E-08    2.719323E-06    1.451603E-06
   131000    1.3100E-01    1.200287E+00    2.429611E-03    5.739656E-08    2.726612E-06    1.444592E-06
   132000    1.3200E-01    1.200308E+00    2.408866E-03    5.712661E-08    2.733699E-06    1.437774E-06
   133000    1.3300E-01    1.200328E+00    2.388831E-03    5.686414E-08    2.740590E-06    1.431146E-06
   134000    1.3400E-01    1.200347E+00    2.369480E-03    5.660899E-08    2.747289E-06    1.424702E-06
   135000    1.3500E-01    1.200366E+00    2.350788E-03    5.636097E-08    2.753801E-06    1.418438E-06
   136000    1.3600E-01    1.200384E+00    2.332730E-03    5.611991E-08    2.760129E-06    1.412351E-06
   137000    1.3700E-01    1.200401E+00    2.315285E-03    5.588565E-08    2.766279E-06    1.406435E-06
   138000    1.3800E-01    1.200418E+00    2.298429E-03    5.565801E-08    2.772256E-06    1.400686E-06
   139000    1.3900E-01    1.200435E+00    2.282142E-03    5.543682E-08    2.778062E-06    1.395101E-06
   140000    1.4000E-01    1.200450E+00    2.266404E-03    5.522194E-08    2.783704E-06    1.389675E-06
   141000    1.4100E-01    1.200465E+00    2.251194E-03    5.501319E-08    2.789184E-06    1.384403E-06
   142000    1.4200E-01    1.200480E+00    2.236494E-03    5.481042E-08    2.794507E-06    1.379283E-06
   143000    1.4300E-01    1.200494E+00    2.222285E-03    5.461347E-08    2.799677E-06    1.374310E-06
   144000    1.4400E-01    1.200508E+00    2.208552E-03    5.442220E-08    2.804698E-06    1.369480E-06
   145000    1.4500E-01    1.200521E+00    2.195275E-03    5.423645E-08    2.809574E-06    1.364790E-06
   146000    1.4600E-01    1.200534E+00    2.182441E-03    5.405609E-08    2.814308E-06    1.360236E-06
   147000    1.4700E-01    1.200547E+00    2.170032E-03    5.388096E-08    2.818905E-06    1.355814E-06
   148000    1.4800E-01    1.200559E+00    2.158035E-03    5.371093E-08    2.823369E-06    1.351520E-06
   149000    1.4900E-01    1.200570E+00    2.146435E-03    5.354586E-08    2.827702E-06    1.347352E-06
   150000    1.5000E-01    1.200581E+00    2.135217E-03    5.338561E-08    2.831908E-06    1.343306E-06
   151000    1.5100E-01    1.200592E+00    2.124370E-03    5.323006E-08    2.835991E-06    1.339379E-06
   152000    1.5200E-01    1.200603E+00    2.113880E-03    5.307908E-08    2.839954E-06    1.335567E-06
   153000    1.5300E-01    1.200613E+00    2.103734E-03    5.293254E-08    2.843801E-06    1.331867E-06
   154000    1.5400E-01    1.200623E+00    2.093922E-03    5.279032E-08    2.847534E-06    1.328276E-06
   155000    1.5500E-01    1.200632E+00    2.084431E-03    5.265231E-08    2.851156E-06    1.324791E-06
   156000    1.5600E-01    1.200641E+00    2.075251E-03    5.251837E-08    2.854672E-06    1.321410E-06
   157000    1.5700E-01    1.200650E+00    2.066370E-03    5.238841E-08    2.858083E-06    1.318128E-06
   158000    1.5800E-01    1.200659E+00    2.057780E-03    5.226230E-08    2.861393E-06    1.314945E-06
   159000    1.5900E-01    1.200667E+00    2.049469E-03    5.213995E-08    2.864605E-06    1.311855E-06
   160000    1.6000E-01    1.200675E+00    2.041429E-03    5.202124E-08    2.867720E-06    1.308858E-06
   161000    1.6100E-01    1.200683E+00    2.033650E-03    5.190607E-08    2.870743E-06    1.305951E-06
   162000    1.6200E-01    1.200691E+00    2.026124E-03    5.179435E-08    2.873676E-06    1.303130E-06
   163000    1.6300E-01    1.200698E+00    2.018842E-03    5.168596E-08    2.876521E-06    1.300394E-06
   164000    1.6400E-01    1.200705E+00    2.011796E-03    5.158082E-08    2.879280E-06    1.297739E-06
   165000    1.6500E-01    1.200712E+00    2.004977E-03    5.147884E-08    2.881957E-06    1.295164E-06
   166000    1.6600E-01    1.200718E+00    1.998379E-03    5.137992E-08    2.884553E-06    1.292667E-06
   167000    1.6700E-01    1.200725E+00    1.991994E-03    5.128397E-08    2.887071E-06    1.290245E-06
   168000    1.6800E-01    1.200731E+00    1.985815E-03    5.119091E-08    2.889514E-06    1.287895E-06
   169000    1.6900E-01    1.200737E+00    1.979835E-03    5.110066E-08    2.891883E-06    1.285617E-06
   170000    1.7000E-01    1.200743E+00    1.974048E-03    5.101313E-08    2.894180E-06    1.283407E-06
   171000    1.7100E-01    1.200748E+00    1.968446E-03    5.092824E-08    2.896408E-06    1.281264E-06
   172000    1.7200E-01    1.200754E+00    1.963025E-03    5.084593E-08    2.898568E-06    1.279186E-06
   173000    1.7300E-01    1.200759E+00    1.957777E-03    5.076610E-08    2.900663E-06    1.277171E-06
   174000    1.7400E-01    1.200764E+00    1.952698E-03    5.068869E-08    2.902695E-06    1.275216E-06
   175000    1.7500E-01    1.200769E+00    1.947782E-03    5.061363E-08    2.904665E-06    1.273321E-06
   176000    1.7600E-01    1.200774E+00    1.943022E-03    5.054084E-08    2.906575E-06    1.271484E-06
   177000    1.7700E-01    1.200778E+00    1.938416E-03    5.047027E-08    2.908427E-06    1.269702E-06
   178000    1.7800E-01    1.200783E+00    1.933956E-03    5.040184E-08    2.910223E-06    1.267975E-06
   179000    1.7900E-01    1.200787E+00    1.929639E-03    5.033550E-08    2.911965E-06    1.266300E-06
   180000    1.8000E-01    1.200791E+00    1.925459E-03    5.027118E-08    2.913653E-06    1.264676E-06
   181000    1.8100E-01    1.200795E+00    1.921413E-03    5.020881E-08    2.915289E-06    1.263102E-06
   182000    1.8200E-01    1.200799E+00    1.917496E-03    5.014835E-08    2.916876E-06    1.261575E-06
   183000    1.8300E-01    1.200803E+00    1.913704E-03    5.008973E-08    2.918415E-06    1.260096E-06
   184000    1.8400E-01    1.200807E+00    1.910032E-03    5.003290E-08    2.919906E-06    1.258661E-06
   185000    1.8500E-01    1.200810E+00    1.906477E-03    4.997781E-08    2.921352E-06    1.257270E-06
   186000    1.8600E-01    1.200814E+00    1.903035E-03    4.992441E-08    2.922754E-06    1.255922E-06
   187000    1.8700E-01    1.200817E+00    1.899703E-03    4.987264E-08    2.924112E-06    1.254615E-06
   188000    1.8800E-01    1.200820E+00    1.896476E-03    4.982245E-08    2.925429E-06    1.253348E-06
   189000    1.8900E-01    1.200823E+00    1.893352E-03    4.977380E-08    2.926706E-06    1.252120E-06
   190000    1.9000E-01    1.200826E+00    1.890326E-03    4.972664E-08    2.927944E-06    1.250930E-06
   191000    1.9100E-01    1.200829E+00    1.887397E-03    4.968093E-08    2.929144E-06    1.249776E-06
   192000    1.9200E-01    1.200832E+00    1.884561E-03    4.963662E-08    2.930306E-06    1.248657E-06
   193000    1.9300E-01    1.200835E+00    1.881814E-03    4.959367E-08    2.931434E-06    1.247573E-06
   194000    1.9400E-01    1.200837E+00    1.879154E-03    4.955204E-08    2.932526E-06    1.246522E-06
   195000    1.9500E-01    1.200840E+00    1.876578E-03    4.951169E-08    2.933585E-06    1.245503E-06
   196000    1.9600E-01    1.200843E+00    1.874084E-03    4.947257E-08    2.934612E-06    1.244516E-06
   197000    1.9700E-01    1.200845E+00    1.871669E-03    4.943467E-08    2.935606E-06    1.243559E-06
   198000    1.9800E-01    1.200847E+00    1.869330E-03    4.939792E-08    2.936571E-06    1.242631E-06
   199000    1.9900E-01    1.200850E+00    1.867065E-03    4.936231E-08    2.937505E-06    1.241732E-06
   200000    2.0000E-01    1.200852E+00    1.864871E-03    4.932780E-08    2.938411E-06    1.240861E-06
   201000    2.0100E-01    1.200854E+00    1.862747E-03    4.929435E-08    2.939289E-06    1.240017E-06
   202000    2.0200E-01    1.200856E+00    1.860689E-03    4.926193E-08    2.940140E-06    1.239198E-06
   203000    2.0300E-01    1.200858E+00    1.858697E-03    4.923051E-08    2.940964E-06    1.238405E-06
   204000    2.0400E-01    1.200860E+00    1.856767E-03    4.920005E-08    2.941764E-06    1.237636E-06
   205000    2.0500E-01    1.200862E+00    1.854898E-03    4.917054E-08    2.942538E-06    1.236891E-06
   206000    2.0600E-01    1.200864E+00    1.853088E-03    4.914194E-08    2.943289E-06    1.236169E-06
   207000    2.0700E-01    1.200865E+00    1.851335E-03    4.911422E-08    2.944016E-06    1.235470E-06
   208000    2.0800E-01    1.200867E+00    1.849637E-03    4.908736E-08    2.944721E-06    1.234792E-06
   209000    2.0900E-01    1.200869E+00    1.847993E-03    4.906132E-08    2.945404E-06    1.234134E-06
   210000    2.1000E-01    1.200870E+00    1.846400E-03    4.903609E-08    2.946066E-06    1.233498E-06
   211000    2.1100E-01    1.200872E+00    1.844857E-03    4.901164E-08    2.946708E-06    1.232880E-06
   212000    2.1200E-01    1.200873E+00    1.843363E-03    4.898795E-08    2.947330E-06    1.232282E-06
   213000    2.1300E-01    1.200875E+00    1.841916E-03    4.896499E-08    2.947932E-06    1.231703E-06
   214000    2.1400E-01    1.200876E+00    1.840515E-03    4.894274E-08    2.948516E-06    1.231141E-06
   215000    2.1500E-01    1.200877E+00    1.839157E-03    4.892117E-08    2.949082E-06    1.230597E-06
   216000    2.1600E-01    1.200879E+00    1.837842E-03    4.890028E-08    2.949631E-06    1.230069E-06
   217000    2.1700E-01    1.200880E+00    1.836568E-03    4.888003E-08    2.950162E-06    1.229558E-06
   218000    2.1800E-01    1.200881E+00    1.835335E-03    4.886041E-08    2.950677E-06    1.229063E-06
   219000    2.1900E-01    1.200883E+00    1.834140E-03    4.884139E-08    2.951176E-06    1.228583E-06
   220000    2.2000E-01    1.200884E+00    1.832982E-03    4.882297E-08    2.951659E-06    1.228118E-06
   221000    2.2100E-01    1.200885E+00    1.831861E-03    4.880511E-08    2.952128E-06    1.227667E-06
   222000    2.2200E-01    1.200886E+00    1.830775E-03    4.878781E-08    2.952582E-06    1.227230E-06
   223000    2.2300E-01    1.200887E+00    1.829723E-03    4.877104E-08    2.953022E-06    1.226807E-06
   224000    2.2400E-01    1.200888E+00    1.828704E-03    4.875480E-08    2.953448E-06    1.226397E-06
   225000    2.2500E-01    1.200889E+00    1.827717E-03    4.873906E-08    2.953862E-06    1.225999E-06
   226000    2.2600E-01    1.200890E+00    1.826761E-03    4.872380E-08    2.954262E-06    1.225614E-06
   227000    2.2700E-01    1.200891E+00    1.825835E-03    4.870902E-08    2.954650E-06    1.225241E-06
   228000    2.2800E-01    1.200892E+00    1.824938E-03    4.869470E-08    2.955026E-06    1.224880E-06
   229000    2.2900E-01    1.200893E+00    1.824069E-03    4.868082E-08    2.955390E-06    1.224529E-06
   230000    2.3000E-01    1.200893E+00    1.823227E-03    4.866737E-08    2.955743E-06    1.224190E-06
   231000    2.3100E-01    1.200894E+00    1.822412E-03    4.865434E-08    2.956085E-06    1.223861E-06
   232000    2.3200E-01    1.200895E+00    1.821622E-03    4.864171E-08    2.956416E-06    1.223542E-06
   233000    2.3300E-01    1.200896E+00    1.820857E-03    4.862948E-08    2.956737E-06    1.223233E-06
   234000    2.3400E-01    1.200897E+00    1.820116E-03    4.861763E-08    2.957048E-06    1.222934E-06
   235000    2.3500E-01    1.200897E+00    1.819398E-03    4.860614E-08    2.957350E-06    1.222644E-06
   236000    2.3600E-01    1.200898E+00    1.818702E-03    4.859501E-08    2.957642E-06    1.222363E-06
   237000    2.3700E-01    1.200899E+00    1.818029E-03    4.858422E-08    2.957925E-06    1.222091E-06
   238000    2.3800E-01    1.200899E+00    1.817376E-03    4.857377E-08    2.958199E-06    1.221827E-06
   239000    2.3900E-01    1.200900E+00    1.816744E-03    4.856365E-08    2.958465E-06    1.221572E-06
   240000    2.4000E-01    1.200901E+00    1.816131E-03    4.855384E-08    2.958722E-06    1.221324E-06
   241000    2.4100E-01    1.200901E+00    1.815538E-03    4.854433E-08    2.958972E-06    1.221084E-06
   242000    2.4200E-01    1.200902E+00    1.814963E-03    4.853512E-08    2.959213E-06    1.220852E-06
   243000    2.4300E-01    1.200902E+00    1.814406E-03    4.852620E-08    2.959448E-06    1.220626E-06
   244000    2.4400E-01    1.200903E+00    1.813867E-03    4.851755E-08    2.959674E-06    1.220408E-06
   245000    2.4500E-01    1.200903E+00    1.813345E-03    4.850917E-08    2.959894E-06    1.220197E-06
   246000    2.4600E-01    1.200904E+00    1.812838E-03    4.850106E-08    2.960107E-06    1.219992E-06
   247000    2.4700E-01    1.200904E+00    1.812348E-03    4.849319E-08    2.960314E-06    1.219793E-06
   248000    2.4800E-01    1.200905E+00    1.811873E-03    4.848557E-08    2.960514E-06    1.219601E-06
   249000    2.4900E-01    1.200905E+00    1.811413E-03    4.847819E-08    2.960708E-06    1.219414E-06
   250000    2.5000E-01    1.200906E+00    1.810967E-03    4.847103E-08    2.960895E-06    1.219234E-06
   251000    2.5100E-01    1.200906E+00    1.810535E-03    4.846410E-08    2.961077E-06    1.219059E-06
   252000    2.5200E-01    1.200907E+00    1.810117E-03    4.845738E-08    2.961253E-06    1.218889E-06
   253000    2.5300E-01    1.200907E+00    1.809712E-03    4.845088E-08    2.961424E-06    1.218725E-06
   254000    2.5400E-01    1.200907E+00    1.809319E-03    4.844457E-08    2.961590E-06    1.218566E-06
   255000    2.5500E-01    1.200908E+00    1.808939E-03    4.843846E-08    2.961750E-06    1.218412E-06
   256000    2.5600E-01    1.200908E+00    1.808570E-03    4.843254E-08    2.961905E-06    1.218262E-06
   257000    2.5700E-01    1.200908E+00    1.808213E-03    4.842681E-08    2.962056E-06    1.218117E-06
   258000    2.5800E-01    1.200909E+00    1.807867E-03    4.842125E-08    2.962202E-06    1.217977E-06
   259000    2.5900E-01    1.200909E+00    1.807532E-03    4.841587E-08    2.962343E-06    1.217841E-06
   260000    2.6000E-01    1.200909E+00    1.807208E-03    4.841065E-08    2.962480E-06    1.217710E-06
   261000    2.6100E-01    1.200910E+00    1.806893E-03    4.840560E-08    2.962612E-06    1.217582E-06
   262000    2.6200E-01    1.200910E+00    1.806589E-03    4.840070E-08    2.962741E-06    1.217458E-06
   263000    2.6300E-01    1.200910E+00    1.806294E-03    4.839596E-08    2.962865E-06    1.217339E-06
   264000    2.6400E-01    1.200911E+00    1.806008E-03    4.839136E-08    2.962986E-06    1.217223E-06
   265000    2.6500E-01    1.200911E+00    1.805731E-03    4.838691E-08    2.963103E-06    1.217110E-06
   266000    2.6600E-01    1.200911E+00    1.805462E-03    4.838259E-08    2.963216E-06    1.217001E-06
   267000    2.6700E-01    1.200911E+00    1.805202E-03    4.837841E-08    2.963326E-06    1.216896E-06
   268000    2.6800E-01    1.200912E+00    1.804951E-03    4.837436E-08    2.963432E-06    1.216794E-06
   269000    2.6900E-01    1.200912E+00    1.804707E-03    4.837044E-08    2.963535E-06    1.216694E-06
   270000    2.7000E-01    1.200912E+00    1.804470E-03    4.836664E-08    2.963635E-06    1.216598E-06
   271000    2.7100E-01    1.200912E+00    1.804241E-03    4.836295E-08    2.963732E-06    1.216505E-06
   272000    2.7200E-01    1.200913E+00    1.804020E-03    4.835938E-08    2.963825E-06    1.216415E-06
   273000    2.7300E-01    1.200913E+00    1.803805E-03    4.835592E-08    2.963916E-06    1.216328E-06
   274000    2.7400E-01    1.200913E+00    1.803596E-03    4.835257E-08    2.964004E-06    1.216244E-06
   275000    2.7500E-01    1.200913E+00    1.803395E-03    4.834933E-08    2.964089E-06    1.216162E-06
   276000    2.7600E-01    1.200913E+00    1.803199E-03    4.834618E-08    2.964172E-06    1.216082E-06
   277000    2.7700E-01    1.200914E+00    1.803010E-03    4.834314E-08    2.964252E-06    1.216005E-06
   278000    2.7800E-01    1.200914E+00    1.802827E-03    4.834018E-08    2.964329E-06    1.215931E-06
   279000    2.7900E-01    1.200914E+00    1.802649E-03    4.833732E-08    2.964404E-06    1.215859E-06
   280000    2.8000E-01    1.200914E+00    1.802477E-03    4.833455E-08    2.964477E-06    1.215789E-06
   281000    2.8100E-01    1.200914E+00    1.802310E-03    4.833187E-08    2.964547E-06    1.215721E-06
   282000    2.8200E-01    1.200914E+00    1.802148E-03    4.832926E-08    2.964616E-06    1.215655E-06
   283000    2.8300E-01    1.200915E+00    1.801992E-03    4.832674E-08    2.964682E-06    1.215592E-06
   284000    2.8400E-01    1.200915E+00    1.801840E-03    4.832430E-08    2.964746E-06    1.215530E-06
   285000    2.8500E-01    1.200915E+00    1.801693E-03    4.832194E-08    2.964808E-06    1.215470E-06
   286000    2.8600E-01    1.200915E+00    1.801551E-03    4.831964E-08    2.964868E-06    1.215412E-06
   287000    2.8700E-01    1.200915E+00    1.801413E-03    4.831742E-08    2.964926E-06    1.215356E-06
   288000    2.8800E-01    1.200915E+00    1.801280E-03    4.831527E-08    2.964983E-06    1.215302E-06
   289000    2.8900E-01    1.200915E+00    1.801150E-03    4.831319E-08    2.965037E-06    1.215249E-06
   290000    2.9000E-01    1.200916E+00    1.801025E-03    4.831117E-08    2.965091E-06    1.215198E-06
   291000    2.9100E-01    1.200916E+00    1.800903E-03    4.830921E-08    2.965142E-06    1.215149E-06
   292000    2.9200E-01    1.200916E+00    1.800786E-03    4.830732E-08    2.965192E-06    1.215101E-06
   293000    2.9300E-01    1.200916E+00    1.800672E-03    4.830548E-08    2.965240E-06    1.215055E-06
   294000    2.9400E-01    1.200916E+00    1.800561E-03    4.830370E-08    2.965287E-06    1.215010E-06
   295000    2.9500E-01    1.200916E+00    1.800454E-03    4.830198E-08    2.965332E-06    1.214966E-06
   296000    2.9600E-01    1.200916E+00    1.800350E-03    4.830030E-08    2.965376E-06    1.214924E-06
   297000    2.9700E-01    1.200916E+00    1.800250E-03    4.829869E-08    2.965418E-06    1.214883E-06
   298000    2.9800E-01    1.200916E+00    1.800153E-03    4.829712E-08    2.965459E-06    1.214844E-06
   299000    2.9900E-01    1.200917E+00    1.800058E-03    4.829560E-08    2.965499E-06    1.214805E-06
   300000    3.0000E-01    1.200917E+00    1.799967E-03    4.829413E-08    2.965538E-06    1.214768E-06
   301000    3.0100E-01    1.200917E+00    1.799879E-03    4.829270E-08    2.965575E-06    1.214732E-06
   302000    3.0200E-01    1.200917E+00    1.799793E-03    4.829132E-08    2.965611E-06    1.214697E-06
   303000    3.0300E-01    1.200917E+00    1.799710E-03    4.828998E-08    2.965646E-06    1.214664E-06
   304000    3.0400E-01    1.200917E+00    1.799629E-03    4.828868E-08    2.965681E-06    1.214631E-06
   305000    3.0500E-01    1.200917E+00    1.799551E-03    4.828743E-08    2.965713E-06    1.214599E-06
   306000    3.0600E-01    1.200917E+00    1.799476E-03    4.828621E-08    2.965745E-06    1.214568E-06
   307000    3.0700E-01    1.200917E+00    1.799403E-03    4.828503E-08    2.965776E-06    1.214539E-06
   308000    3.0800E-01    1.200917E+00    1.799332E-03    4.828389E-08    2.965806E-06    1.214510E-06
   309000    3.0900E-01    1.200917E+00    1.799263E-03    4.828278E-08    2.965835E-06    1.214482E-06
   310000    3.1000E-01    1.200917E+00    1.799197E-03    4.828171E-08    2.965864E-06    1.214455E-06
   311000    3.1100E-01    1.200918E+00    1.799132E-03    4.828067E-08    2.965891E-06    1.214429E-06
   312000    3.1200E-01    1.200918E+00    1.799070E-03    4.827966E-08    2.965917E-06    1.214403E-06
   313000    3.1300E-01    1.200918E+00    1.799009E-03    4.827869E-08    2.965943E-06    1.214378E-06
   314000    3.1400E-01    1.200918E+00    1.798951E-03    4.827774E-08    2.965968E-06    1.214355E-06
   315000    3.1500E-01    1.200918E+00    1.798894E-03    4.827683E-08    2.965992E-06    1.214332E-06
   316000    3.1600E-01    1.200918E+00    1.798839E-03    4.827594E-08    2.966015E-06    1.214309E-06
   317000    3.1700E-01    1.200918E+00    1.798785E-03    4.827508E-08    2.966037E-06    1.214287E-06
   318000    3.1800E-01    1.200918E+00    1.798734E-03    4.827425E-08    2.966059E-06    1.214266E-06
   319000    3.1900E-01    1.200918E+00    1.798684E-03    4.827344E-08    2.966081E-06    1.214246E-06
   320000    3.2000E-01    1.200918E+00    1.798635E-03    4.827266E-08    2.966101E-06    1.214226E-06
   321000    3.2100E-01    1.200918E+00    1.798588E-03    4.827190E-08    2.966121E-06    1.214207E-06
   322000    3.2200E-01    1.200918E+00    1.798543E-03    4.827117E-08    2.966140E-06    1.214189E-06
   323000    3.2300E-01    1.200918E+00    1.798499E-03    4.827046E-08    2.966159E-06    1.214171E-06
   324000    3.2400E-01    1.200918E+00    1.798456E-03    4.826977E-08    2.966177E-06    1.214153E-06
   325000    3.2500E-01    1.200918E+00    1.798415E-03    4.826910E-08    2.966194E-06    1.214137E-06
   326000    3.2600E-01    1.200918E+00    1.798375E-03    4.826846E-08    2.966211E-06    1.214120E-06
   327000    3.2700E-01    1.200918E+00    1.798336E-03    4.826783E-08    2.966228E-06    1.214104E-06
   328000    3.2800E-01    1.200918E+00    1.798298E-03    4.826722E-08    2.966244E-06    1.214089E-06
   329000    3.2900E-01    1.200918E+00    1.798262E-03    4.826664E-08    2.966259E-06    1.214074E-06
   330000    3.3000E-01    1.200918E+00    1.798226E-03    4.826607E-08    2.966274E-06    1.214060E-06
   331000    3.3100E-01    1.200918E+00    1.798192E-03    4.826552E-08    2.966289E-06    1.214046E-06
   332000    3.3200E-01    1.200918E+00    1.798159E-03    4.826498E-08    2.966303E-06    1.214032E-06
   333000    3.3300E-01    1.200919E+00    1.798127E-03    4.826446E-08    2.966316E-06    1.214019E-06
   334000    3.3400E-01    1.200919E+00    1.798096E-03    4.826396E-08    2.966329E-06    1.214007E-06
   335000    3.3500E-01    1.200919E+00    1.798066E-03    4.826348E-08    2.966342E-06    1.213994E-06
   336000    3.3600E-01    1.200919E+00    1.798036E-03    4.826301E-08    2.966354E-06    1.213983E-06
   337000    3.3700E-01    1.200919E+00    1.798008E-03    4.826255E-08    2.966366E-06    1.213971E-06
   338000    3.3800E-01    1.200919E+00    1.797981E-03    4.826211E-08    2.966378E-06    1.213960E-06
   339000    3.3900E-01    1.200919E+00    1.797954E-03    4.826168E-08    2.966389E-06    1.213949E-06
   340000    3.4000E-01    1.200919E+00    1.797928E-03    4.826126E-08    2.966400E-06    1.213939E-06
   341000    3.4100E-01    1.200919E+00    1.797903E-03    4.826086E-08    2.966411E-06    1.213928E-06
   342000    3.4200E-01    1.200919E+00    1.797879E-03    4.826047E-08    2.966421E-06    1.213919E-06
   343000    3.4300E-01    1.200919E+00    1.797856E-03    4.826009E-08    2.966431E-06    1.213909E-06
   344000    3.4400E-01    1.200919E+00    1.797833E-03    4.825973E-08    2.966440E-06    1.213900E-06
   345000    3.4500E-01    1.200919E+00    1.797811E-03    4.825938E-08    2.966450E-06    1.213891E-06
   346000    3.4600E-01    1.200919E+00    1.797790E-03    4.825903E-08    2.966459E-06    1.213882E-06
   347000    3.4700E-01    1.200919E+00    1.797769E-03    4.825870E-08    2.966467E-06    1.213874E-06
   348000    3.4800E-01    1.200919E+00    1.797749E-03    4.825838E-08    2.966476E-06    1.213866E-06
   349000    3.4900E-01    1.200919E+00    1.797730E-03    4.825807E-08    2.966484E-06    1.213858E-06
   350000    3.5000E-01    1.200919E+00    1.797711E-03    4.825776E-08    2.966492E-06    1.213850E-06
   351000    3.5100E-01    1.200919E+00    1.797693E-03    4.825747E-08    2.966500E-06    1.213843E-06
   352000    3.5200E-01    1.200919E+00    1.797676E-03    4.825719E-08    2.966507E-06    1.213836E-06
   353000    3.5300E-01    1.200919E+00    1.797659E-03    4.825691E-08    2.966514E-06    1.213829E-06
   354000    3.5400E-01    1.200919E+00    1.797642E-03    4.825665E-08    2.966521E-06    1.213822E-06
   355000    3.5500E-01    1.200919E+00    1.797626E-03    4.825639E-08    2.966528E-06    1.213816E-06
   356000    3.5600E-01    1.200919E+00    1.797611E-03    4.825614E-08    2.966535E-06    1.213809E-06
   357000    3.5700E-01    1.200919E+00    1.797596E-03    4.825589E-08    2.966541E-06    1.213803E-06
   358000    3.5800E-01    1.200919E+00    1.797581E-03    4.825566E-08    2.966547E-06    1.213797E-06
   359000    3.5900E-01    1.200919E+00    1.797567E-03    4.825543E-08    2.966553E-06    1.213791E-06
   360000    3.6000E-01    1.200919E+00    1.797553E-03    4.825521E-08    2.966559E-06    1.213786E-06
   361000    3.6100E-01    1.200919E+00    1.797540E-03    4.825500E-08    2.966565E-06    1.213781E-06
   362000    3.6200E-01    1.200919E+00    1.797527E-03    4.825479E-08    2.966570E-06    1.213775E-06
   363000    3.6300E-01    1.200919E+00    1.797515E-03    4.825459E-08    2.966575E-06    1.213770E-06
   364000    3.6400E-01    1.200919E+00    1.797503E-03    4.825440E-08    2.966580E-06    1.213765E-06
   365000    3.6500E-01    1.200919E+00    1.797491E-03    4.825421E-08    2.966585E-06    1.213761E-06
   366000    3.6600E-01    1.200919E+00    1.797480E-03    4.825403E-08    2.966590E-06    1.213756E-06
   367000    3.6700E-01    1.200919E+00    1.797469E-03    4.825385E-08    2.966595E-06    1.213752E-06
   368000    3.6800E-01    1.200919E+00    1.797458E-03    4.825368E-08    2.966599E-06    1.213747E-06
   369000    3.6900E-01    1.200919E+00    1.797448E-03    4.825351E-08    2.966603E-06    1.213743E-06
   370000    3.7000E-01    1.200919E+00    1.797438E-03    4.825335E-08    2.966608E-06    1.213739E-06
   371000    3.7100E-01    1.200919E+00    1.797428E-03    4.825320E-08    2.966612E-06    1.213735E-06
   372000    3.7200E-01    1.200919E+00    1.797419E-03    4.825305E-08    2.966616E-06    1.213731E-06
   373000    3.7300E-01    1.200919E+00    1.797410E-03    4.825290E-08    2.966620E-06    1.213728E-06
   374000    3.7400E-01    1.200919E+00    1.797401E-03    4.825276E-08    2.966623E-06    1.213724E-06
   375000    3.7500E-01    1.200919E+00    1.797393E-03    4.825262E-08    2.966627E-06    1.213721E-06
   376000    3.7600E-01    1.200919E+00    1.797384E-03    4.825249E-08    2.966630E-06    1.213717E-06
   377000    3.7700E-01    1.200919E+00    1.797376E-03    4.825236E-08    2.966634E-06    1.213714E-06
   378000    3.7800E-01    1.200919E+00    1.797369E-03    4.825224E-08    2.966637E-06    1.213711E-06
   379000    3.7900E-01    1.200919E+00    1.797361E-03    4.825212E-08    2.966640E-06    1.213708E-06
   380000    3.8000E-01    1.200919E+00    1.797354E-03    4.825200E-08    2.966643E-06    1.213705E-06
   381000    3.8100E-01    1.200919E+00    1.797347E-03    4.825189E-08    2.966646E-06    1.213702E-06
   382000    3.8200E-01    1.200919E+00    1.797340E-03    4.825178E-08    2.966649E-06    1.213699E-06
   383000    3.8300E-01    1.200919E+00    1.797334E-03    4.825167E-08    2.966652E-06    1.213696E-06
   384000    3.8400E-01    1.200919E+00    1.797327E-03    4.825157E-08    2.966655E-06    1.213694E-06
   385000    3.8500E-01    1.200919E+00    1.797321E-03    4.825147E-08    2.966657E-06    1.213691E-06
   386000    3.8600E-01    1.200919E+00    1.797315E-03    4.825137E-08    2.966660E-06    1.213689E-06
   387000    3.8700E-01    1.200919E+00    1.797309E-03    4.825128E-08    2.966662E-06    1.213687E-06
   388000    3.8800E-01    1.200919E+00    1.797304E-03    4.825119E-08    2.966665E-06    1.213684E-06
   389000    3.8900E-01    1.200919E+00    1.797298E-03    4.825110E-08    2.966667E-06    1.213682E-06
   390000    3.9000E-01    1.200919E+00    1.797293E-03    4.825101E-08    2.966669E-06    1.213680E-06
   391000    3.9100E-01    1.200919E+00    1.797288E-03    4.825093E-08    2.966671E-06    1.213678E-06
   392000    3.9200E-01    1.200919E+00    1.797283E-03    4.825085E-08    2.966673E-06    1.213676E-06
   393000    3.9300E-01    1.200919E+00    1.797278E-03    4.825077E-08    2.966675E-06    1.213674E-06
   394000    3.9400E-01    1.200919E+00    1.797273E-03    4.825070E-08    2.966677E-06    1.213672E-06
   395000    3.9500E-01    1.200919E+00    1.797269E-03    4.825063E-08    2.966679E-06    1.213670E-06
   396000    3.9600E-01    1.200919E+00    1.797264E-03    4.825056E-08    2.966681E-06    1.213668E-06
   397000    3.9700E-01    1.200919E+00    1.797260E-03    4.825049E-08    2.966683E-06    1.213667E-06
   398000    3.9800E-01    1.200919E+00    1.797256E-03    4.825042E-08    2.966685E-06    1.213665E-06
   399000    3.9900E-01    1.200919E+00    1.797252E-03    4.825036E-08    2.966686E-06    1.213663E-06
   400000    4.0000E-01    1.200919E+00    1.797248E-03    4.825030E-08    2.966688E-06    1.213662E-06
   401000    4.0100E-01    1.200919E+00    1.797245E-03    4.825023E-08    2.966690E-06    1.213660E-06
   402000    4.0200E-01    1.200919E+00    1.797241E-03    4.825018E-08    2.966691E-06    1.213659E-06
   403000    4.0300E-01    1.200919E+00    1.797237E-03    4.825012E-08    2.966693E-06    1.213657E-06
   404000    4.0400E-01    1.200919E+00    1.797234E-03    4.825007E-08    2.966694E-06    1.213656E-06
   405000    4.0500E-01    1.200919E+00    1.797231E-03    4.825001E-08    2.966695E-06    1.213655E-06
   406000    4.0600E-01    1.200919E+00    1.797228E-03    4.824996E-08    2.966697E-06    1.213653E-06
   407000    4.0700E-01    1.200919E+00    1.797225E-03    4.824991E-08    2.966698E-06    1.213652E-06
   408000    4.0800E-01    1.200919E+00    1.797222E-03    4.824986E-08    2.966699E-06    1.213651E-06
   409000    4.0900E-01    1.200919E+00    1.797219E-03    4.824982E-08    2.966701E-06    1.213650E-06
   410000    4.1000E-01    1.200919E+00    1.797216E-03    4.824977E-08    2.966702E-06    1.213649E-06
   411000    4.1100E-01    1.200919E+00    1.797213E-03    4.824973E-08    2.966703E-06    1.213647E-06
   412000    4.1200E-01    1.200919E+00    1.797211E-03    4.824969E-08    2.966704E-06    1.213646E-06
   413000    4.1300E-01    1.200919E+00    1.797208E-03    4.824964E-08    2.966705E-06    1.213645E-06
   414000    4.1400E-01    1.200919E+00    1.797205E-03    4.824960E-08    2.966706E-06    1.213644E-06
   415000    4.1500E-01    1.200919E+00    1.797203E-03    4.824957E-08    2.966707E-06    1.213643E-06
   416000    4.1600E-01    1.200919E+00    1.797201E-03    4.824953E-08    2.966708E-06    1.213642E-06
   417000    4.1700E-01    1.200919E+00    1.797199E-03    4.824949E-08    2.966709E-06    1.213641E-06
   418000    4.1800E-01    1.200919E+00    1.797196E-03    4.824946E-08    2.966710E-06    1.213641E-06
   419000    4.1900E-01    1.200919E+00    1.797194E-03    4.824942E-08    2.966711E-06    1.213640E-06
   420000    4.2000E-01    1.200919E+00    1.797192E-03    4.824939E-08    2.966712E-06    1.213639E-06
   421000    4.2100E-01    1.200919E+00    1.797190E-03    4.824936E-08    2.966713E-06    1.213638E-06
   422000    4.2200E-01    1.200919E+00    1.797188E-03    4.824933E-08    2.966713E-06    1.213637E-06
   423000    4.2300E-01    1.200919E+00    1.797186E-03    4.824930E-08    2.966714E-06    1.213637E-06
   424000    4.2400E-01    1.200919E+00    1.797185E-03    4.824927E-08    2.966715E-06    1.213636E-06
   425000    4.2500E-01    1.200919E+00    1.797183E-03    4.824924E-08    2.966716E-06    1.213635E-06
   426000    4.2600E-01    1.200919E+00    1.797181E-03    4.824921E-08    2.966716E-06    1.213634E-06
   427000    4.2700E-01    1.200919E+00    1.797180E-03    4.824919E-08    2.966717E-06    1.213634E-06
   428000    4.2800E-01    1.200919E+00    1.797178E-03    4.824916E-08    2.966718E-06    1.213633E-06
   429000    4.2900E-01    1.200919E+00    1.797176E-03    4.824914E-08    2.966718E-06    1.213632E-06
   430000    4.3000E-01    1.200919E+00    1.797175E-03    4.824911E-08    2.966719E-06    1.213632E-06
   431000    4.3100E-01    1.200919E+00    1.797174E-03    4.824909E-08    2.966720E-06    1.213631E-06
   432000    4.3200E-01    1.200919E+00    1.797172E-03    4.824907E-08    2.966720E-06    1.213631E-06
   433000    4.3300E-01    1.200919E+00    1.797171E-03    4.824904E-08    2.966721E-06    1.213630E-06
   434000    4.3400E-01    1.200919E+00    1.797169E-03    4.824902E-08    2.966721E-06    1.213630E-06
   435000    4.3500E-01    1.200919E+00    1.797168E-03    4.824900E-08    2.966722E-06    1.213629E-06
   436000    4.3600E-01    1.200919E+00    1.797167E-03    4.824898E-08    2.966722E-06    1.213629E-06
   437000    4.3700E-01    1.200919E+00    1.797166E-03    4.824896E-08    2.966723E-06    1.213628E-06
   438000    4.3800E-01    1.200919E+00    1.797165E-03    4.824894E-08    2.966723E-06    1.213628E-06
   439000    4.3900E-01    1.200919E+00    1.797163E-03    4.824893E-08    2.966724E-06    1.213627E-06
   440000    4.4000E-01    1.200919E+00    1.797162E-03    4.824891E-08    2.966724E-06    1.213627E-06
   441000    4.4100E-01    1.200919E+00    1.797161E-03    4.824889E-08    2.966725E-06    1.213626E-06
   442000    4.4200E-01    1.200919E+00    1.797160E-03    4.824888E-08    2.966725E-06    1.213626E-06
   443000    4.4300E-01    1.200919E+00    1.797159E-03    4.824886E-08    2.966726E-06    1.213626E-06
   444000    4.4400E-01    1.200919E+00    1.797158E-03    4.824884E-08    2.966726E-06    1.213625E-06
   445000    4.4500E-01    1.200919E+00    1.797157E-03    4.824883E-08    2.966726E-06    1.213625E-06
   446000    4.4600E-01    1.200919E+00    1.797157E-03    4.824882E-08    2.966727E-06    1.213624E-06
   447000    4.4700E-01    1.200919E+00    1.797156E-03    4.824880E-08    2.966727E-06    1.213624E-06
   448000    4.4800E-01    1.200919E+00    1.797155E-03    4.824879E-08    2.966728E-06    1.213624E-06
   449000    4.4900E-01    1.200919E+00    1.797154E-03    4.824877E-08    2.966728E-06    1.213623E-06
   450000    4.5000E-01    1.200919E+00    1.797153E-03    4.824876E-08    2.966728E-06    1.213623E-06
   451000    4.5100E-01    1.200919E+00    1.797152E-03    4.824875E-08    2.966729E-06    1.213623E-06
   452000    4.5200E-01    1.200919E+00    1.797152E-03    4.824874E-08    2.966729E-06    1.213622E-06
   453000    4.5300E-01    1.200919E+00    1.797151E-03    4.824873E-08    2.966729E-06    1.213622E-06
   454000    4.5400E-01    1.200919E+00    1.797150E-03    4.824871E-08    2.966729E-06    1.213622E-06
   455000    4.5500E-01    1.200919E+00    1.797150E-03    4.824870E-08    2.966730E-06    1.213622E-06
   456000    4.5600E-01    1.200919E+00    1.797149E-03    4.824869E-08    2.966730E-06    1.213621E-06
   457000    4.5700E-01    1.200919E+00    1.797148E-03    4.824868E-08    2.966730E-06    1.213621E-06
   458000    4.5800E-01    1.200919E+00    1.797148E-03    4.824867E-08    2.966731E-06    1.213621E-06
   459000    4.5900E-01    1.200919E+00    1.797147E-03    4.824866E-08    2.966731E-06    1.213621E-06
   460000    4.6000E-01    1.200919E+00    1.797147E-03    4.824865E-08    2.966731E-06    1.213620E-06
   461000    4.6100E-01    1.200920E+00    1.797146E-03    4.824865E-08    2.966731E-06    1.213620E-06
   462000    4.6200E-01    1.200920E+00    1.797145E-03    4.824864E-08    2.966731E-06    1.213620E-06
   463000    4.6300E-01    1.200920E+00    1.797145E-03    4.824863E-08    2.966732E-06    1.213620E-06
   464000    4.6400E-01    1.200920E+00    1.797144E-03    4.824862E-08    2.966732E-06    1.213619E-06
   465000    4.6500E-01    1.200920E+00    1.797144E-03    4.824861E-08    2.966732E-06    1.213619E-06
   466000    4.6600E-01    1.200920E+00    1.797143E-03    4.824860E-08    2.966732E-06    1.213619E-06
   467000    4.6700E-01    1.200920E+00    1.797143E-03    4.824860E-08    2.966733E-06    1.213619E-06
   468000    4.6800E-01    1.200920E+00    1.797143E-03    4.824859E-08    2.966733E-06    1.213619E-06
   469000    4.6900E-01    1.200920E+00    1.797142E-03    4.824858E-08    2.966733E-06    1.213619E-06
   470000    4.7000E-01    1.200920E+00    1.797142E-03    4.824858E-08    2.966733E-06    1.213618E-06
   471000    4.7100E-01    1.200920E+00    1.797141E-03    4.824857E-08    2.966733E-06    1.213618E-06
   472000    4.7200E-01    1.200920E+00    1.797141E-03    4.824856E-08    2.966733E-06    1.213618E-06
   473000    4.7300E-01    1.200920E+00    1.797141E-03    4.824856E-08    2.966734E-06    1.213618E-06
   474000    4.7400E-01    1.200920E+00    1.797140E-03    4.824855E-08    2.966734E-06    1.213618E-06
   475000    4.7500E-01    1.200920E+00    1.797140E-03    4.824854E-08    2.966734E-06    1.213618E-06
   476000    4.7600E-01    1.200920E+00    1.797139E-03    4.824854E-08    2.966734E-06    1.213617E-06
   477000    4.7700E-01    1.200920E+00    1.797139E-03    4.824853E-08    2.966734E-06    1.213617E-06
   478000    4.7800E-01    1.200920E+00    1.797139E-03    4.824853E-08    2.966734E-06    1.213617E-06
   479000    4.7900E-01    1.200920E+00    1.797138E-03    4.824852E-08    2.966734E-06    1.213617E-06
   480000    4.8000E-01    1.200920E+00    1.797138E-03    4.824852E-08    2.966735E-06    1.213617E-06
   481000    4.8100E-01    1.200920E+00    1.797138E-03    4.824851E-08    2.966735E-06    1.213617E-06
   482000    4.8200E-01    1.200920E+00    1.797138E-03    4.824851E-08    2.966735E-06    1.213617E-06
   483000    4.8300E-01    1.200920E+00    1.797137E-03    4.824850E-08    2.966735E-06    1.213617E-06
   484000    4.8400E-01    1.200920E+00    1.797137E-03    4.824850E-08    2.966735E-06    1.213616E-06
   485000    4.8500E-01    1.200920E+00    1.797137E-03    4.824850E-08    2.966735E-06    1.213616E-06
   486000    4.8600E-01    1.200920E+00    1.797137E-03    4.824849E-08    2.966735E-06    1.213616E-06
   487000    4.8700E-01    1.200920E+00    1.797136E-03    4.824849E-08    2.966735E-06    1.213616E-06
   488000    4.8800E-01    1.200920E+00    1.797136E-03    4.824848E-08    2.966735E-06    1.213616E-06
   489000    4.8900E-01    1.200920E+00    1.797136E-03    4.824848E-08    2.966736E-06    1.213616E-06
   490000    4.9000E-01    1.200920E+00    1.797136E-03    4.824848E-08    2.966736E-06    1.213616E-06
   491000    4.9100E-01    1.200920E+00    1.797135E-03    4.824847E-08    2.966736E-06    1.213616E-06
   492000    4.9200E-01    1.200920E+00    1.797135E-03    4.824847E-08    2.966736E-06    1.213616E-06
   493000    4.9300E-01    1.200920E+00    1.797135E-03    4.824847E-08    2.966736E-06    1.213616E-06
   494000    4.9400E-01    1.200920E+00    1.797135E-03    4.824846E-08    2.966736E-06    1.213616E-06
   495000    4.9500E-01    1.200920E+00    1.797135E-03    4.824846E-08    2.966736E-06    1.213615E-06
   496000    4.9600E-01    1.200920E+00    1.797134E-03    4.824846E-08    2.966736E-06    1.213615E-06
   497000    4.9700E-01    1.200920E+00    1.797134E-03    4.824845E-08    2.966736E-06    1.213615E-06
   498000    4.9800E-01    1.200920E+00    1.797134E-03    4.824845E-08    2.966736E-06    1.213615E-06
   499000    4.9900E-01    1.200920E+00    1.797134E-03    4.824845E-08    2.966736E-06    1.213615E-06
   500000    5.0000E-01    1.200920E+00    1.797134E-03    4.824845E-08    2.966736E-06    1.213615E-06
   501000    5.0100E-01    1.200920E+00    1.797134E-03    4.824844E-08    2.966737E-06    1.213615E-06
   502000    5.0200E-01    1.200920E+00    1.797133E-03    4.824844E-08    2.966737E-06    1.213615E-06
   503000    5.0300E-01    1.200920E+00    1.797133E-03    4.824844E-08    2.966737E-06    1.213615E-06
   504000    5.0400E-01    1.200920E+00    1.797133E-03    4.824844E-08    2.966737E-06    1.213615E-06
   505000    5.0500E-01    1.200920E+00    1.797133E-03    4.824843E-08    2.966737E-06    1.213615E-06
   506000    5.0600E-01    1.200920E+00    1.797133E-03    4.824843E-08    2.966737E-06    1.213615E-06
   507000    5.0700E-01    1.200920E+00    1.797133E-03    4.824843E-08    2.966737E-06    1.213615E-06
   508000    5.0800E-01    1.200920E+00    1.797133E-03    4.824843E-08    2.966737E-06    1.213615E-06
   509000    5.0900E-01    1.200920E+00    1.797132E-03    4.824843E-08    2.966737E-06    1.213615E-06
   510000    5.1000E-01    1.200920E+00    1.797132E-03    4.824842E-08    2.966737E-06    1.213615E-06
   511000    5.1100E-01    1.200920E+00    1.797132E-03    4.824842E-08    2.966737E-06    1.213614E-06
   512000    5.1200E-01    1.200920E+00    1.797132E-03    4.824842E-08    2.966737E-06    1.213614E-06
   513000    5.1300E-01    1.200920E+00    1.797132E-03    4.824842E-08    2.966737E-06    1.213614E-06
   514000    5.1400E-01    1.200920E+00    1.797132E-03    4.824842E-08    2.966737E-06    1.213614E-06
   515000    5.1500E-01    1.200920E+00    1.797132E-03    4.824842E-08    2.966737E-06    1.213614E-06
   516000    5.1600E-01    1.200920E+00    1.797132E-03    4.824841E-08    2.966737E-06    1.213614E-06
   517000    5.1700E-01    1.200920E+00    1.797132E-03    4.824841E-08    2.966737E-06    1.213614E-06
   518000    5.1800E-01    1.200920E+00    1.797132E-03    4.824841E-08    2.966737E-06    1.213614E-06
   519000    5.1900E-01    1.200920E+00    1.797131E-03    4.824841E-08    2.966737E-06    1.213614E-06
   520000    5.2000E-01    1.200920E+00    1.797131E-03    4.824841E-08    2.966737E-06    1.213614E-06
   521000    5.2100E-01    1.200920E+00    1.797131E-03    4.824841E-08    2.966737E-06    1.213614E-06
   522000    5.2200E-01    1.200920E+00    1.797131E-03    4.824841E-08    2.966738E-06    1.213614E-06
   523000    5.2300E-01    1.200920E+00    1.797131E-03    4.824840E-08    2.966738E-06    1.213614E-06
   524000    5.2400E-01    1.200920E+00    1.797131E-03    4.824840E-08    2.966738E-06    1.213614E-06
   525000    5.2500E-01    1.200920E+00    1.797131E-03    4.824840E-08    2.966738E-06    1.213614E-06
   526000    5.2600E-01    1.200920E+00    1.797131E-03    4.824840E-08    2.966738E-06    1.213614E-06
   527000    5.2700E-01    1.200920E+00    1.797131E-03    4.824840E-08    2.966738E-06    1.213614E-06
   528000    5.2800E-01    1.200920E+00    1.797131E-03    4.824840E-08    2.966738E-06    1.213614E-06
   529000    5.2900E-01    1.200920E+00    1.797131E-03    4.824840E-08    2.966738E-06    1.213614E-06
   530000    5.3000E-01    1.200920E+00    1.797131E-03    4.824840E-08    2.966738E-06    1.213614E-06
   531000    5.3100E-01    1.200920E+00    1.797131E-03    4.824840E-08    2.966738E-06    1.213614E-06
   532000    5.3200E-01    1.200920E+00    1.797131E-03    4.824839E-08    2.966738E-06    1.213614E-06
   533000    5.3300E-01    1.200920E+00    1.797130E-03    4.824839E-08    2.966738E-06    1.213614E-06
   534000    5.3400E-01    1.200920E+00    1.797130E-03    4.824839E-08    2.966738E-06    1.213614E-06
   535000    5.3500E-01    1.200920E+00    1.797130E-03    4.824839E-08    2.966738E-06    1.213614E-06
   536000    5.3600E-01    1.200920E+00    1.797130E-03    4.824839E-08    2.966738E-06    1.213614E-06
   537000    5.3700E-01    1.200920E+00    1.797130E-03    4.824839E-08    2.966738E-06    1.213614E-06
   538000    5.3800E-01    1.200920E+00    1.797130E-03    4.824839E-08    2.966738E-06    1.213614E-06
   539000    5.3900E-01    1.200920E+00    1.797130E-03    4.824839E-08    2.966738E-06    1.213614E-06
   540000    5.4000E-01    1.200920E+00    1.797130E-03    4.824839E-08    2.966738E-06    1.213614E-06
   541000    5.4100E-01    1.200920E+00    1.797130E-03    4.824839E-08    2.966738E-06    1.213614E-06
   542000    5.4200E-01    1.200920E+00    1.797130E-03    4.824839E-08    2.966738E-06    1.213614E-06
   543000    5.4300E-01    1.200920E+00    1.797130E-03    4.824839E-08    2.966738E-06    1.213614E-06
   544000    5.4400E-01    1.200920E+00    1.797130E-03    4.824839E-08    2.966738E-06    1.213614E-06
   545000    5.4500E-01    1.200920E+00    1.797130E-03    4.824839E-08    2.966738E-06    1.213614E-06
   546000    5.4600E-01    1.200920E+00    1.797130E-03    4.824838E-08    2.966738E-06    1.213614E-06
   547000    5.4700E-01    1.200920E+00    1.797130E-03    4.824838E-08    2.966738E-06    1.213614E-06
   548000    5.4800E-01    1.200920E+00    1.797130E-03    4.824838E-08    2.966738E-06    1.213613E-06
   549000    5.4900E-01    1.200920E+00    1.797130E-03    4.824838E-08    2.966738E-06    1.213613E-06
   550000    5.5000E-01    1.200920E+00    1.797130E-03    4.824838E-08    2.966738E-06    1.213613E-06
   551000    5.5100E-01    1.200920E+00    1.797130E-03    4.824838E-08    2.966738E-06    1.213613E-06
   552000    5.5200E-01    1.200920E+00    1.797130E-03    4.824838E-08    2.966738E-06    1.213613E-06
   553000    5.5300E-01    1.200920E+00    1.797130E-03    4.824838E-08    2.966738E-06    1.213613E-06
   554000    5.5400E-01    1.200920E+00    1.797130E-03    4.824838E-08    2.966738E-06    1.213613E-06
   555000    5.5500E-01    1.200920E+00    1.797130E-03    4.824838E-08    2.966738E-06    1.213613E-06
   556000    5.5600E-01    1.200920E+00    1.797130E-03    4.824838E-08    2.966738E-06    1.213613E-06
   557000    5.5700E-01    1.200920E+00    1.797130E-03    4.824838E-08    2.966738E-06    1.213613E-06
   558000    5.5800E-01    1.200920E+00    1.797129E-03    4.824838E-08    2.966738E-06    1.213613E-06
   559000    5.5900E-01    1.200920E+00    1.797129E-03    4.824838E-08    2.966738E-06    1.213613E-06
   560000    5.6000E-01    1.200920E+00    1.797129E-03    4.824838E-08    2.966738E-06    1.213613E-06
   561000    5.6100E-01    1.200920E+00    1.797129E-03    4.824838E-08    2.966738E-06    1.213613E-06
   562000    5.6200E-01    1.200920E+00    1.797129E-03    4.824838E-08    2.966738E-06    1.213613E-06
   563000    5.6300E-01    1.200920E+00    1.797129E-03    4.824838E-08    2.966738E-06    1.213613E-06
   564000    5.6400E-01    1.200920E+00    1.797129E-03    4.824838E-08    2.966738E-06    1.213613E-06
   565000    5.6500E-01    1.200920E+00    1.797129E-03    4.824838E-08    2.966738E-06    1.213613E-06
   566000    5.6600E-01    1.200920E+00    1.797129E-03    4.824838E-08    2.966738E-06    1.213613E-06
   567000    5.6700E-01    1.200920E+00    1.797129E-03    4.824838E-08    2.966738E-06    1.213613E-06
   568000    5.6800E-01    1.200920E+00    1.797129E-03    4.824837E-08    2.966738E-06    1.213613E-06
   569000    5.6900E-01    1.200920E+00    1.797129E-03    4.824837E-08    2.966738E-06    1.213613E-06
   570000    5.7000E-01    1.200920E+00    1.797129E-03    4.824837E-08    2.966738E-06    1.213613E-06
   571000    5.7100E-01    1.200920E+00    1.797129E-03    4.824837E-08    2.966738E-06    1.213613E-06
   572000    5.7200E-01    1.200920E+00    1.797129E-03    4.824837E-08    2.966738E-06    1.213613E-06
   573000    5.7300E-01    1.200920E+00    1.797129E-03    4.824837E-08    2.966738E-06    1.213613E-06
   574000    5.7400E-01    1.200920E+00    1.797129E-03    4.824837E-08    2.966738E-06    1.213613E-06
   575000    5.7500E-01    1.200920E+00    1.797129E-03    4.824837E-08    2.966738E-06    1.213613E-06
   576000    5.7600E-01    1.200920E+00    1.797129E-03    4.824837E-08    2.966738E-06    1.213613E-06
   577000    5.7700E-01    1.200920E+00    1.797129E-03    4.824837E-08    2.966738E-06    1.213613E-06
   578000    5.7800E-01    1.200920E+00    1.797129E-03    4.824837E-08    2.966738E-06    1.213613E-06
   579000    5.7900E-01    1.200920E+00    1.797129E-03    4.824837E-08    2.966738E-06    1.213613E-06
   580000    5.8000E-01    1.200920E+00    1.797129E-03    4.824837E-08    2.966738E-06    1.213613E-06
   581000    5.8100E-01    1.200920E+00    1.797129E-03    4.824837E-08    2.966738E-06    1.213613E-06
   582000    5.8200E-01    1.200920E+00    1.797129E-03    4.824837E-08    2.966738E-06    1.213613E-06
   583000    5.8300E-01    1.200920E+00    1.797129E-03    4.824837E-08    2.966738E-06    1.213613E-06
   584000    5.8400E-01    1.200920E+00    1.797129E-03    4.824837E-08    2.966738E-06    1.213613E-06
   585000    5.8500E-01    1.200920E+00    1.797129E-03    4.824837E-08    2.966738E-06    1.213613E-06
   586000    5.8600E-01    1.200920E+00    1.797129E-03    4.824837E-08    2.966738E-06    1.213613E-06
   587000    5.8700E-01    1.200920E+00    1.797129E-03    4.824837E-08    2.966738E-06    1.213613E-06
   588000    5.8800E-01    1.200920E+00    1.797129E-03    4.824837E-08    2.966738E-06    1.213613E-06
   589000    5.8900E-01    1.200920E+00    1.797129E-03    4.824837E-08    2.966738E-06    1.213613E-06
   590000    5.9000E-01    1.200920E+00    1.797129E-03    4.824837E-08    2.966738E-06    1.213613E-06
   591000    5.9100E-01    1.200920E+00    1.797129E-03    4.824837E-08    2.966738E-06    1.213613E-06
   592000    5.9200E-01    1.200920E+00    1.797129E-03    4.824837E-08    2.966738E-06    1.213613E-06
   593000    5.9300E-01    1.200920E+00    1.797129E-03    4.824837E-08    2.966738E-06    1.213613E-06
   594000    5.9400E-01    1.200920E+00    1.797129E-03    4.824837E-08    2.966738E-06    1.213613E-06
   595000    5.9500E-01    1.200920E+00    1.797129E-03    4.824837E-08    2.966738E-06    1.213613E-06
   596000    5.9600E-01    1.200920E+00    1.797129E-03    4.824837E-08    2.966738E-06    1.213613E-06
   597000    5.9700E-01    1.200920E+00    1.797129E-03    4.824837E-08    2.966738E-06    1.213613E-06
   598000    5.9800E-01    1.200920E+00    1.797129E-03    4.824837E-08    2.966738E-06    1.213613E-06
   599000    5.9900E-01    1.200920E+00    1.797129E-03    4.824837E-08    2.966738E-06    1.213613E-06
   600000    6.0000E-01    1.200920E+00    1.797129E-03    4.824837E-08    2.966738E-06    1.213613E-06
   601000    6.0100E-01    1.200920E+00    1.797129E-03    4.824837E-08    2.966739E-06    1.213613E-06
   602000    6.0200E-01    1.200920E+00    1.797129E-03    4.824837E-08    2.966739E-06    1.213613E-06
   603000    6.0300E-01    1.200920E+00    1.797129E-03    4.824837E-08    2.966739E-06    1.213613E-06
   604000    6.0400E-01    1.200920E+00    1.797129E-03    4.824837E-08    2.966739E-06    1.213613E-06
   605000    6.0500E-01    1.200920E+00    1.797129E-03    4.824837E-08    2.966739E-06    1.213613E-06
   606000    6.0600E-01    1.200920E+00    1.797129E-03    4.824837E-08    2.966739E-06    1.213613E-06
   607000    6.0700E-01    1.200920E+00    1.797129E-03    4.824837E-08    2.966739E-06    1.213613E-06
   608000    6.0800E-01    1.200920E+00    1.797129E-03    4.824837E-08    2.966739E-06    1.213613E-06
   609000    6.0900E-01    1.200920E+00    1.797129E-03    4.824837E-08    2.966739E-06    1.213613E-06
   610000    6.1000E-01    1.200920E+00    1.797129E-03    4.824837E-08    2.966739E-06    1.213613E-06
   611000    6.1100E-01    1.200920E+00    1.797129E-03    4.824837E-08    2.966739E-06    1.213613E-06
   612000    6.1200E-01    1.200920E+00    1.797129E-03    4.824837E-08    2.966739E-06    1.213613E-06
   613000    6.1300E-01    1.200920E+00    1.797129E-03    4.824837E-08    2.966739E-06    1.213613E-06
   614000    6.1400E-01    1.200920E+00    1.797129E-03    4.824837E-08    2.966739E-06    1.213613E-06
   615000    6.1500E-01    1.200920E+00    1.797129E-03    4.824837E-08    2.966739E-06    1.213613E-06
   616000    6.1600E-01    1.200920E+00    1.797129E-03    4.824837E-08    2.966739E-06    1.213613E-06
   617000    6.1700E-01    1.200920E+00    1.797129E-03    4.824837E-08    2.966739E-06    1.213613E-06
   618000    6.1800E-01    1.200920E+00    1.797129E-03    4.824837E-08    2.966739E-06    1.213613E-06
   619000    6.1900E-01    1.200920E+00    1.797129E-03    4.824837E-08    2.966739E-06    1.213613E-06
   620000    6.2000E-01    1.200920E+00    1.797129E-03    4.824837E-08    2.966739E-06    1.213613E-06
   621000    6.2100E-01    1.200920E+00    1.797129E-03    4.824837E-08    2.966739E-06    1.213613E-06
   622000    6.2200E-01    1.200920E+00    1.797129E-03    4.824837E-08    2.966739E-06    1.213613E-06
   623000    6.2300E-01    1.200920E+00    1.797129E-03    4.824837E-08    2.966739E-06    1.213613E-06
   624000    6.2400E-01    1.200920E+00    1.797129E-03    4.824837E-08    2.966739E-06    1.213613E-06
   625000    6.2500E-01    1.200920E+00    1.797129E-03    4.824837E-08    2.966739E-06    1.213613E-06
   626000    6.2600E-01    1.200920E+00    1.797129E-03    4.824837E-08    2.966739E-06    1.213613E-06
   627000    6.2700E-01    1.200920E+00    1.797129E-03    4.824837E-08    2.966739E-06    1.213613E-06
   628000    6.2800E-01    1.200920E+00    1.797129E-03    4.824837E-08    2.966739E-06    1.213613E-06
   629000    6.2900E-01    1.200920E+00    1.797129E-03    4.824837E-08    2.966739E-06    1.213613E-06
   630000    6.3000E-01    1.200920E+00    1.797129E-03    4.824837E-08    2.966739E-06    1.213613E-06
   631000    6.3100E-01    1.200920E+00    1.797129E-03    4.824837E-08    2.966739E-06    1.213613E-06
   632000    6.3200E-01    1.200920E+00    1.797129E-03    4.824837E-08    2.966739E-06    1.213613E-06
   633000    6.3300E-01    1.200920E+00    1.797129E-03    4.824837E-08    2.966739E-06    1.213613E-06
   634000    6.3400E-01    1.200920E+00    1.797129E-03    4.824837E-08    2.966739E-06    1.213613E-06
   635000    6.3500E-01    1.200920E+00    1.797129E-03    4.824837E-08    2.966739E-06    1.213613E-06
   636000    6.3600E-01    1.200920E+00    1.797129E-03    4.824837E-08    2.966739E-06    1.213613E-06
   637000    6.3700E-01    1.200920E+00    1.797129E-03    4.824837E-08    2.966739E-06    1.213613E-06
   638000    6.3800E-01    1.200920E+00    1.797129E-03    4.824837E-08    2.966739E-06    1.213613E-06
   639000    6.3900E-01    1.200920E+00    1.797129E-03    4.824837E-08    2.966739E-06    1.213613E-06
   640000    6.4000E-01    1.200920E+00    1.797129E-03    4.824837E-08    2.966739E-06    1.213613E-06
   641000    6.4100E-01    1.200920E+00    1.797129E-03    4.824837E-08    2.966739E-06    1.213613E-06
   642000    6.4200E-01    1.200920E+00    1.797129E-03    4.824837E-08    2.966739E-06    1.213613E-06
   643000    6.4300E-01    1.200920E+00    1.797129E-03    4.824837E-08    2.966739E-06    1.213613E-06
   644000    6.4400E-01    1.200920E+00    1.797129E-03    4.824837E-08    2.966739E-06    1.213613E-06
   645000    6.4500E-01    1.200920E+00    1.797129E-03    4.824837E-08    2.966739E-06    1.213613E-06
   646000    6.4600E-01    1.200920E+00    1.797129E-03    4.824837E-08    2.966739E-06    1.213613E-06
   647000    6.4700E-01    1.200920E+00    1.797129E-03    4.824837E-08    2.966739E-06    1.213613E-06
   648000    6.4800E-01    1.200920E+00    1.797129E-03    4.824837E-08    2.966739E-06    1.213613E-06
   649000    6.4900E-01    1.200920E+00    1.797129E-03    4.824837E-08    2.966739E-06    1.213613E-06
   650000    6.5000E-01    1.200920E+00    1.797129E-03    4.824837E-08    2.966739E-06    1.213613E-06
   651000    6.5100E-01    1.200920E+00    1.797129E-03    4.824837E-08    2.966739E-06    1.213613E-06
   652000    6.5200E-01    1.200920E+00    1.797129E-03    4.824837E-08    2.966739E-06    1.213613E-06
   653000    6.5300E-01    1.200920E+00    1.797129E-03    4.824837E-08    2.966739E-06    1.213613E-06
   654000    6.5400E-01    1.200920E+00    1.797129E-03    4.824837E-08    2.966739E-06    1.213613E-06
   655000    6.5500E-01    1.200920E+00    1.797129E-03    4.824837E-08    2.966739E-06    1.213613E-06
   656000    6.5600E-01    1.200920E+00    1.797129E-03    4.824837E-08    2.966739E-06    1.213613E-06
   657000    6.5700E-01    1.200920E+00    1.797129E-03    4.824837E-08    2.966739E-06    1.213613E-06
   658000    6.5800E-01    1.200920E+00    1.797129E-03    4.824837E-08    2.966739E-06    1.213613E-06
   659000    6.5900E-01    1.200920E+00    1.797129E-03    4.824837E-08    2.966739E-06    1.213613E-06
   660000    6.6000E-01    1.200920E+00    1.797129E-03    4.824837E-08    2.966739E-06    1.213613E-06
   661000    6.6100E-01    1.200920E+00    1.797129E-03    4.824837E-08    2.966739E-06    1.213613E-06
   662000    6.6200E-01    1.200920E+00    1.797129E-03    4.824837E-08    2.966739E-06    1.213613E-06
   663000    6.6300E-01    1.200920E+00    1.797129E-03    4.824837E-08    2.966739E-06    1.213613E-06
   664000    6.6400E-01    1.200920E+00    1.797129E-03    4.824837E-08    2.966739E-06    1.213613E-06
   665000    6.6500E-01    1.200920E+00    1.797129E-03    4.824837E-08    2.966739E-06    1.213613E-06
   666000    6.6600E-01    1.200920E+00    1.797129E-03    4.824837E-08    2.966739E-06    1.213613E-06
   667000    6.6700E-01    1.200920E+00    1.797129E-03    4.824837E-08    2.966739E-06    1.213613E-06
   668000    6.6800E-01    1.200920E+00    1.797129E-03    4.824837E-08    2.966739E-06    1.213613E-06
   669000    6.6900E-01    1.200920E+00    1.797129E-03    4.824837E-08    2.966739E-06    1.213613E-06
   670000    6.7000E-01    1.200920E+00    1.797129E-03    4.824837E-08    2.966739E-06    1.213613E-06
   671000    6.7100E-01    1.200920E+00    1.797129E-03    4.824837E-08    2.966739E-06    1.213613E-06
   672000    6.7200E-01    1.200920E+00    1.797129E-03    4.824837E-08    2.966739E-06    1.213613E-06
   673000    6.7300E-01    1.200920E+00    1.797129E-03    4.824837E-08    2.966739E-06    1.213613E-06
   674000    6.7400E-01    1.200920E+00    1.797129E-03    4.824837E-08    2.966739E-06    1.213613E-06
   675000    6.7500E-01    1.200920E+00    1.797129E-03    4.824837E-08    2.966739E-06    1.213613E-06
   676000    6.7600E-01    1.200920E+00    1.797129E-03    4.824837E-08    2.966739E-06    1.213613E-06
   677000    6.7700E-01    1.200920E+00    1.797129E-03    4.824837E-08    2.966739E-06    1.213613E-06
   678000    6.7800E-01    1.200920E+00    1.797129E-03    4.824837E-08    2.966739E-06    1.213613E-06
   679000    6.7900E-01    1.200920E+00    1.797129E-03    4.824837E-08    2.966739E-06    1.213613E-06
   680000    6.8000E-01    1.200920E+00    1.797129E-03    4.824837E-08    2.966739E-06    1.213613E-06
   681000    6.8100E-01    1.200920E+00    1.797129E-03    4.824837E-08    2.966739E-06    1.213613E-06
   682000    6.8200E-01    1.200920E+00    1.797129E-03    4.824837E-08    2.966739E-06    1.213613E-06
   683000    6.8300E-01    1.200920E+00    1.797129E-03    4.824837E-08    2.966739E-06    1.213613E-06
   684000    6.8400E-01    1.200920E+00    1.797129E-03    4.824837E-08    2.966739E-06    1.213613E-06
   685000    6.8500E-01    1.200920E+00    1.797129E-03    4.824837E-08    2.966739E-06    1.213613E-06
   686000    6.8600E-01    1.200920E+00    1.797129E-03    4.824837E-08    2.966739E-06    1.213613E-06
   687000    6.8700E-01    1.200920E+00    1.797129E-03    4.824837E-08    2.966739E-06    1.213613E-06
   688000    6.8800E-01    1.200920E+00    1.797129E-03    4.824837E-08    2.966739E-06    1.213613E-06
   689000    6.8900E-01    1.200920E+00    1.797129E-03    4.824837E-08    2.966739E-06    1.213613E-06
   690000    6.9000E-01    1.200920E+00    1.797129E-03    4.824837E-08    2.966739E-06    1.213613E-06
   691000    6.9100E-01    1.200920E+00    1.797129E-03    4.824837E-08    2.966739E-06    1.213613E-06
   692000    6.9200E-01    1.200920E+00    1.797129E-03    4.824837E-08    2.966739E-06    1.213613E-06
   693000    6.9300E-01    1.200920E+00    1.797129E-03    4.824837E-08    2.966739E-06    1.213613E-06
   694000    6.9400E-01    1.200920E+00    1.797129E-03    4.824837E-08    2.966739E-06    1.213613E-06
   695000    6.9500E-01    1.200920E+00    1.797129E-03    4.824837E-08    2.966739E-06    1.213613E-06
   696000    6.9600E-01    1.200920E+00    1.797129E-03    4.824837E-08    2.966739E-06    1.213613E-06
   697000    6.9700E-01    1.200920E+00    1.797129E-03    4.824837E-08    2.966739E-06    1.213613E-06
   698000    6.9800E-01    1.200920E+00    1.797129E-03    4.824837E-08    2.966739E-06    1.213613E-06
   699000    6.9900E-01    1.200920E+00    1.797129E-03    4.824837E-08    2.966739E-06    1.213613E-06
   700000    7.0000E-01    1.200920E+00    1.797129E-03    4.824837E-08    2.966739E-06    1.213613E-06
   701000    7.0100E-01    1.200920E+00    1.797129E-03    4.824837E-08    2.966739E-06    1.213613E-06
   702000    7.0200E-01    1.200920E+00    1.797129E-03    4.824837E-08    2.966739E-06    1.213613E-06
   703000    7.0300E-01    1.200920E+00    1.797129E-03    4.824837E-08    2.966739E-06    1.213613E-06
   704000    7.0400E-01    1.200920E+00    1.797129E-03    4.824837E-08    2.966739E-06    1.213613E-06
   705000    7.0500E-01    1.200920E+00    1.797129E-03    4.824837E-08    2.966739E-06    1.213613E-06
   706000    7.0600E-01    1.200920E+00    1.797129E-03    4.824837E-08    2.966739E-06    1.213613E-06
   707000    7.0700E-01    1.200920E+00    1.797129E-03    4.824837E-08    2.966739E-06    1.213613E-06
   708000    7.0800E-01    1.200920E+00    1.797129E-03    4.824837E-08    2.966739E-06    1.213613E-06
   709000    7.0900E-01    1.200920E+00    1.797129E-03    4.824837E-08    2.966739E-06    1.213613E-06
   710000    7.1000E-01    1.200920E+00    1.797129E-03    4.824837E-08    2.966739E-06    1.213613E-06
   711000    7.1100E-01    1.200920E+00    1.797129E-03    4.824837E-08    2.966739E-06    1.213613E-06
   712000    7.1200E-01    1.200920E+00    1.797129E-03    4.824837E-08    2.966739E-06    1.213613E-06
   713000    7.1300E-01    1.200920E+00    1.797129E-03    4.824837E-08    2.966739E-06    1.213613E-06
   714000    7.1400E-01    1.200920E+00    1.797129E-03    4.824837E-08    2.966739E-06    1.213613E-06
   715000    7.1500E-01    1.200920E+00    1.797129E-03    4.824837E-08    2.966739E-06    1.213613E-06
   716000    7.1600E-01    1.200920E+00    1.797129E-03    4.824837E-08    2.966739E-06    1.213613E-06
   717000    7.1700E-01    1.200920E+00    1.797129E-03    4.824837E-08    2.966739E-06    1.213613E-06
   718000    7.1800E-01    1.200920E+00    1.797129E-03    4.824837E-08    2.966739E-06    1.213613E-06
   719000    7.1900E-01    1.200920E+00    1.797129E-03    4.824837E-08    2.966739E-06    1.213613E-06
   720000    7.2000E-01    1.200920E+00    1.797129E-03    4.824837E-08    2.966739E-06    1.213613E-06
   721000    7.2100E-01    1.200920E+00    1.797129E-03    4.824837E-08    2.966739E-06    1.213613E-06
   722000    7.2200E-01    1.200920E+00    1.797129E-03    4.824837E-08    2.966739E-06    1.213613E-06
   723000    7.2300E-01    1.200920E+00    1.797129E-03    4.824837E-08    2.966739E-06    1.213613E-06
   724000    7.2400E-01    1.200920E+00    1.797129E-03    4.824837E-08    2.966739E-06    1.213613E-06
   725000    7.2500E-01    1.200920E+00    1.797129E-03    4.824837E-08    2.966739E-06    1.213613E-06
   726000    7.2600E-01    1.200920E+00    1.797129E-03    4.824837E-08    2.966739E-06    1.213613E-06
   727000    7.2700E-01    1.200920E+00    1.797129E-03    4.824837E-08    2.966739E-06    1.213613E-06
   728000    7.2800E-01    1.200920E+00    1.797129E-03    4.824837E-08    2.966739E-06    1.213613E-06
   729000    7.2900E-01    1.200920E+00    1.797129E-03    4.824837E-08    2.966739E-06    1.213613E-06
   730000    7.3000E-01    1.200920E+00    1.797129E-03    4.824837E-08    2.966739E-06    1.213613E-06
   731000    7.3100E-01    1.200920E+00    1.797129E-03    4.824837E-08    2.966739E-06    1.213613E-06
   732000    7.3200E-01    1.200920E+00    1.797129E-03    4.824837E-08    2.966739E-06    1.213613E-06
   733000    7.3300E-01    1.200920E+00    1.797129E-03    4.824837E-08    2.966739E-06    1.213613E-06
   734000    7.3400E-01    1.200920E+00    1.797129E-03    4.824837E-08    2.966739E-06    1.213613E-06
   735000    7.3500E-01    1.200920E+00    1.797129E-03    4.824837E-08    2.966739E-06    1.213613E-06
   736000    7.3600E-01    1.200920E+00    1.797129E-03    4.824837E-08    2.966739E-06    1.213613E-06
   737000    7.3700E-01    1.200920E+00    1.797129E-03    4.824837E-08    2.966739E-06    1.213613E-06
   738000    7.3800E-01    1.200920E+00    1.797129E-03    4.824837E-08    2.966739E-06    1.213613E-06
   739000    7.3900E-01    1.200920E+00    1.797129E-03    4.824837E-08    2.966739E-06    1.213613E-06
   740000    7.4000E-01    1.200920E+00    1.797129E-03    4.824837E-08    2.966739E-06    1.213613E-06
   741000    7.4100E-01    1.200920E+00    1.797129E-03    4.824837E-08    2.966739E-06    1.213613E-06
   742000    7.4200E-01    1.200920E+00    1.797129E-03    4.824837E-08    2.966739E-06    1.213613E-06
   743000    7.4300E-01    1.200920E+00    1.797129E-03    4.824837E-08    2.966739E-06    1.213613E-06
   744000    7.4400E-01    1.200920E+00    1.797129E-03    4.824837E-08    2.966739E-06    1.213613E-06
   745000    7.4500E-01    1.200920E+00    1.797129E-03    4.824837E-08    2.966739E-06    1.213613E-06
   746000    7.4600E-01    1.200920E+00    1.797129E-03    4.824837E-08    2.966739E-06    1.213613E-06
   747000    7.4700E-01    1.200920E+00    1.797129E-03    4.824837E-08    2.966739E-06    1.213613E-06
   748000    7.4800E-01    1.200920E+00    1.797129E-03    4.824837E-08    2.966739E-06    1.213613E-06
   749000    7.4900E-01    1.200920E+00    1.797129E-03    4.824837E-08    2.966739E-06    1.213613E-06
   750000    7.5000E-01    1.200920E+00    1.797129E-03    4.824837E-08    2.966739E-06    1.213613E-06
