iteration          time             xO2              xO              xN             xCO             xCN             xC3          xE(s1)          xC(b1)
        0    0.0000E+00    1.262852E-02    6.013583E-17    4.750731E-02    6.013583E-17    6.013583E-17    6.013583E-17    7.500000E-06    1.000000E+00
       25    1.2500E-03    9.844430E-03    4.314417E-17    3.790280E-02    5.568189E-03    9.604512E-03    5.296101E-02    7.500000E-06    1.000000E+00
       50    2.5000E-03    7.634704E-03    3.074087E-17    3.009930E-02    9.987642E-03    1.740800E-02    1.045023E-01    7.500000E-06    1.000000E+00
       75    3.7500E-03    5.920982E-03    2.190333E-17    2.390241E-02    1.341508E-02    2.360490E-02    1.536324E-01    7.500000E-06    1.000000E+00
      100    5.0000E-03    4.591931E-03    1.560645E-17    1.898134E-02    1.607319E-02    2.852597E-02    2.004643E-01    7.500000E-06    1.000000E+00
      125    6.2500E-03    3.561205E-03    1.111983E-17    1.507343E-02    1.813464E-02    3.243388E-02    2.451054E-01    7.500000E-06    1.000000E+00
      150    7.5000E-03    2.761840E-03    7.923042E-18    1.197008E-02    1.973337E-02    3.553722E-02    2.876582E-01    7.500000E-06    1.000000E+00
      175    8.7500E-03    2.141905E-03    5.645285E-18    9.505663E-03    2.097324E-02    3.800164E-02    3.282204E-01    7.500000E-06    1.000000E+00
      200    1.0000E-02    1.661123E-03    4.022350E-18    7.548621E-03    2.193480E-02    3.995869E-02    3.668852E-01    7.500000E-06    1.000000E+00
      225    1.1250E-02    1.288259E-03    2.865984E-18    5.994498E-03    2.268053E-02    4.151281E-02    4.037411E-01    7.500000E-06    1.000000E+00
      250    1.2500E-02    9.990907E-04    2.042057E-18    4.760340E-03    2.325887E-02    4.274697E-02    4.388730E-01    7.500000E-06    1.000000E+00
      275    1.3750E-02    7.748301E-04    1.454996E-18    3.780273E-03    2.370739E-02    4.372703E-02    4.723615E-01    7.500000E-06    1.000000E+00
      300    1.5000E-02    6.009081E-04    1.036706E-18    3.001984E-03    2.405523E-02    4.450532E-02    5.042833E-01    7.500000E-06    1.000000E+00
      325    1.6250E-02    4.660255E-04    7.386686E-19    2.383931E-03    2.432500E-02    4.512338E-02    5.347119E-01    7.500000E-06    1.000000E+00
      350    1.7500E-02    3.614192E-04    5.263124E-19    1.893123E-03    2.453421E-02    4.561418E-02    5.637170E-01    7.500000E-06    1.000000E+00
      375    1.8750E-02    2.802934E-04    3.750055E-19    1.503363E-03    2.469646E-02    4.600394E-02    5.913653E-01    7.500000E-06    1.000000E+00
      400    2.0000E-02    2.173774E-04    2.671970E-19    1.193848E-03    2.482229E-02    4.631346E-02    6.177202E-01    7.500000E-06    1.000000E+00
      425    2.1250E-02    1.685839E-04    1.903818E-19    9.480569E-04    2.491988E-02    4.655925E-02    6.428422E-01    7.500000E-06    1.000000E+00
      450    2.2500E-02    1.307428E-04    1.356499E-19    7.528693E-04    2.499556E-02    4.675444E-02    6.667890E-01    7.500000E-06    1.000000E+00
      475    2.3750E-02    1.013956E-04    9.665258E-20    5.978673E-04    2.505426E-02    4.690944E-02    6.896156E-01    7.500000E-06    1.000000E+00
      500    2.5000E-02    7.863589E-05    6.886640E-20    4.747773E-04    2.509978E-02    4.703253E-02    7.113744E-01    7.500000E-06    1.000000E+00
      525    2.6250E-02    6.098491E-05    4.906834E-20    3.770294E-04    2.513508E-02    4.713028E-02    7.321153E-01    7.500000E-06    1.000000E+00
      550    2.7500E-02    4.729595E-05    3.496192E-20    2.994059E-04    2.516246E-02    4.720790E-02    7.518860E-01    7.500000E-06    1.000000E+00
      575    2.8750E-02    3.667968E-05    2.491089E-20    2.377637E-04    2.518369E-02    4.726954E-02    7.707318E-01    7.500000E-06    1.000000E+00
      600    3.0000E-02    2.844639E-05    1.774938E-20    1.888125E-04    2.520016E-02    4.731850E-02    7.886959E-01    7.500000E-06    1.000000E+00
      625    3.1250E-02    2.206118E-05    1.264670E-20    1.499395E-04    2.521293E-02    4.735737E-02    8.058198E-01    7.500000E-06    1.000000E+00
      650    3.2500E-02    1.710923E-05    1.000000E-20    1.190697E-04    2.522283E-02    4.738824E-02    8.221426E-01    7.500000E-06    1.000000E+00
      675    3.3750E-02    1.326881E-05    1.000000E-20    9.455540E-05    2.523051E-02    4.741275E-02    8.377018E-01    7.500000E-06    1.000000E+00
      700    3.5000E-02    1.029043E-05    1.000000E-20    7.508817E-05    2.523647E-02    4.743222E-02    8.525332E-01    7.500000E-06    1.000000E+00
      725    3.6250E-02    7.980592E-06    1.000000E-20    5.962889E-05    2.524109E-02    4.744768E-02    8.666707E-01    7.500000E-06    1.000000E+00
      750    3.7500E-02    6.189231E-06    1.000000E-20    4.735239E-05    2.524467E-02    4.745996E-02    8.801469E-01    7.500000E-06    1.000000E+00
      775    3.8750E-02    4.799968E-06    1.000000E-20    3.760340E-05    2.524745E-02    4.746970E-02    8.929927E-01    7.500000E-06    1.000000E+00
      800    4.0000E-02    3.722545E-06    1.000000E-20    2.986155E-05    2.524960E-02    4.747745E-02    9.052376E-01    7.500000E-06    1.000000E+00
      825    4.1250E-02    2.886965E-06    1.000000E-20    2.371360E-05    2.525128E-02    4.748359E-02    9.169096E-01    7.500000E-06    1.000000E+00
      850    4.2500E-02    2.238943E-06    1.000000E-20    1.883140E-05    2.525257E-02    4.748848E-02    9.280357E-01    7.500000E-06    1.000000E+00
      875    4.3750E-02    1.736380E-06    1.000000E-20    1.495436E-05    2.525358E-02    4.749235E-02    9.386413E-01    7.500000E-06    1.000000E+00
      900    4.5000E-02    1.346624E-06    1.000000E-20    1.187553E-05    2.525436E-02    4.749543E-02    9.487507E-01    7.500000E-06    1.000000E+00
      925    4.6250E-02    1.044354E-06    1.000000E-20    9.430578E-06    2.525496E-02    4.749788E-02    9.583872E-01    7.500000E-06    1.000000E+00
      950    4.7500E-02    8.099337E-07    1.000000E-20    7.488994E-06    2.525543E-02    4.749982E-02    9.675730E-01    7.500000E-06    1.000000E+00
      975    4.8750E-02    6.281322E-07    1.000000E-20    5.947147E-06    2.525579E-02    4.750136E-02    9.763290E-01    7.500000E-06    1.000000E+00
     1000    5.0000E-02    4.871387E-07    1.000000E-20    4.722738E-06    2.525608E-02    4.750258E-02    9.846754E-01    7.500000E-06    1.000000E+00
     1025    5.1250E-02    3.777933E-07    1.000000E-20    3.750413E-06    2.525629E-02    4.750356E-02    9.926314E-01    7.500000E-06    1.000000E+00
     1050    5.2500E-02    2.929920E-07    1.000000E-20    2.978271E-06    2.525646E-02    4.750433E-02    1.000215E+00    7.500000E-06    1.000000E+00
     1075    5.3750E-02    2.272257E-07    1.000000E-20    2.365100E-06    2.525660E-02    4.750494E-02    1.007444E+00    7.500000E-06    1.000000E+00
     1100    5.5000E-02    1.762215E-07    1.000000E-20    1.878169E-06    2.525670E-02    4.750543E-02    1.014335E+00    7.500000E-06    1.000000E+00
     1125    5.6250E-02    1.366660E-07    1.000000E-20    1.491488E-06    2.525678E-02    4.750582E-02    1.020904E+00    7.500000E-06    1.000000E+00
     1150    5.7500E-02    1.059893E-07    1.000000E-20    1.184418E-06    2.525684E-02    4.750612E-02    1.027165E+00    7.500000E-06    1.000000E+00
     1175    5.8750E-02    8.219847E-08    1.000000E-20    9.405681E-07    2.525689E-02    4.750637E-02    1.033133E+00    7.500000E-06    1.000000E+00
     1200    6.0000E-02    6.374782E-08    1.000000E-20    7.469224E-07    2.525692E-02    4.750656E-02    1.038822E+00    7.500000E-06    1.000000E+00
     1225    6.1250E-02    4.943869E-08    1.000000E-20    5.931447E-07    2.525695E-02    4.750671E-02    1.044245E+00    7.500000E-06    1.000000E+00
     1250    6.2500E-02    3.834145E-08    1.000000E-20    4.710271E-07    2.525697E-02    4.750684E-02    1.049415E+00    7.500000E-06    1.000000E+00
     1275    6.3750E-02    2.973515E-08    1.000000E-20    3.740512E-07    2.525699E-02    4.750693E-02    1.054342E+00    7.500000E-06    1.000000E+00
     1300    6.5000E-02    2.306066E-08    1.000000E-20    2.970409E-07    2.525700E-02    4.750701E-02    1.059039E+00    7.500000E-06    1.000000E+00
     1325    6.6250E-02    1.788436E-08    1.000000E-20    2.358856E-07    2.525701E-02    4.750707E-02    1.063517E+00    7.500000E-06    1.000000E+00
     1350    6.7500E-02    1.386995E-08    1.000000E-20    1.873211E-07    2.525702E-02    4.750712E-02    1.067784E+00    7.500000E-06    1.000000E+00
     1375    6.8750E-02    1.075664E-08    1.000000E-20    1.487551E-07    2.525703E-02    4.750716E-02    1.071853E+00    7.500000E-06    1.000000E+00
     1400    7.0000E-02    8.342152E-09    1.000000E-20    1.181291E-07    2.525703E-02    4.750719E-02    1.075730E+00    7.500000E-06    1.000000E+00
     1425    7.1250E-02    6.469633E-09    1.000000E-20    9.380851E-08    2.525704E-02    4.750721E-02    1.079427E+00    7.500000E-06    1.000000E+00
     1450    7.2500E-02    5.017429E-09    1.000000E-20    7.449505E-08    2.525704E-02    4.750723E-02    1.082950E+00    7.500000E-06    1.000000E+00
     1475    7.3750E-02    3.891194E-09    1.000000E-20    5.915788E-08    2.525704E-02    4.750725E-02    1.086309E+00    7.500000E-06    1.000000E+00
     1500    7.5000E-02    3.017758E-09    1.000000E-20    4.697836E-08    2.525704E-02    4.750726E-02    1.089511E+00    7.500000E-06    1.000000E+00
     1525    7.6250E-02    2.340378E-09    1.000000E-20    3.730637E-08    2.525704E-02    4.750727E-02    1.092563E+00    7.500000E-06    1.000000E+00
     1550    7.7500E-02    1.815046E-09    1.000000E-20    2.962567E-08    2.525705E-02    4.750728E-02    1.095472E+00    7.500000E-06    1.000000E+00
     1575    7.8750E-02    1.407632E-09    1.000000E-20    2.352629E-08    2.525705E-02    4.750728E-02    1.098245E+00    7.500000E-06    1.000000E+00
     1600    8.0000E-02    1.091669E-09    1.000000E-20    1.868266E-08    2.525705E-02    4.750729E-02    1.100888E+00    7.500000E-06    1.000000E+00
     1625    8.1250E-02    8.466275E-10    1.000000E-20    1.483624E-08    2.525705E-02    4.750729E-02    1.103407E+00    7.500000E-06    1.000000E+00
     1650    8.2500E-02    6.565896E-10    1.000000E-20    1.178173E-08    2.525705E-02    4.750730E-02    1.105809E+00    7.500000E-06    1.000000E+00
     1675    8.3750E-02    5.092084E-10    1.000000E-20    9.356086E-09    2.525705E-02    4.750730E-02    1.108099E+00    7.500000E-06    1.000000E+00
     1700    8.5000E-02    3.949091E-10    1.000000E-20    7.429839E-09    2.525705E-02    4.750730E-02    1.110281E+00    7.500000E-06    1.000000E+00
     1725    8.6250E-02    3.062660E-10    1.000000E-20    5.900171E-09    2.525705E-02    4.750730E-02    1.112361E+00    7.500000E-06    1.000000E+00
     1750    8.7500E-02    2.375201E-10    1.000000E-20    4.685433E-09    2.525705E-02    4.750730E-02    1.114344E+00    7.500000E-06    1.000000E+00
     1775    8.8750E-02    1.842052E-10    1.000000E-20    3.720788E-09    2.525705E-02    4.750730E-02    1.116234E+00    7.500000E-06    1.000000E+00
     1800    9.0000E-02    1.428577E-10    1.000000E-20    2.954746E-09    2.525705E-02    4.750730E-02    1.118036E+00    7.500000E-06    1.000000E+00
     1825    9.1250E-02    1.107912E-10    1.000000E-20    2.346418E-09    2.525705E-02    4.750731E-02    1.119753E+00    7.500000E-06    1.000000E+00
     1850    9.2500E-02    8.592246E-11    1.000000E-20    1.863333E-09    2.525705E-02    4.750731E-02    1.121390E+00    7.500000E-06    1.000000E+00
     1875    9.3750E-02    6.663590E-11    1.000000E-20    1.479707E-09    2.525705E-02    4.750731E-02    1.122951E+00    7.500000E-06    1.000000E+00
     1900    9.5000E-02    5.167850E-11    1.000000E-20    1.175062E-09    2.525705E-02    4.750731E-02    1.124438E+00    7.500000E-06    1.000000E+00
     1925    9.6250E-02    4.007850E-11    1.000000E-20    9.331386E-10    2.525705E-02    4.750731E-02    1.125856E+00    7.500000E-06    1.000000E+00
     1950    9.7500E-02    3.108229E-11    1.000000E-20    7.410224E-10    2.525705E-02    4.750731E-02    1.127208E+00    7.500000E-06    1.000000E+00
     1975    9.8750E-02    2.410542E-11    1.000000E-20    5.884594E-10    2.525705E-02    4.750731E-02    1.128496E+00    7.500000E-06    1.000000E+00
     2000    1.0000E-01    1.869460E-11    1.000000E-20    4.673064E-10    2.525705E-02    4.750731E-02    1.129724E+00    7.500000E-06    1.000000E+00
     2025    1.0125E-01    1.449833E-11    1.000000E-20    3.710966E-10    2.525705E-02    4.750731E-02    1.130895E+00    7.500000E-06    1.000000E+00
     2050    1.0250E-01    1.124396E-11    1.000000E-20    2.946946E-10    2.525705E-02    4.750731E-02    1.132011E+00    7.500000E-06    1.000000E+00
     2075    1.0375E-01    8.720091E-12    1.000000E-20    2.340223E-10    2.525705E-02    4.750731E-02    1.133075E+00    7.500000E-06    1.000000E+00
     2100    1.0500E-01    6.762739E-12    1.000000E-20    1.858414E-10    2.525705E-02    4.750731E-02    1.134089E+00    7.500000E-06    1.000000E+00
     2125    1.0625E-01    5.244743E-12    1.000000E-20    1.475801E-10    2.525705E-02    4.750731E-02    1.135055E+00    7.500000E-06    1.000000E+00
     2150    1.0750E-01    4.067483E-12    1.000000E-20    1.171960E-10    2.525705E-02    4.750731E-02    1.135976E+00    7.500000E-06    1.000000E+00
     2175    1.0875E-01    3.154477E-12    1.000000E-20    9.306751E-11    2.525705E-02    4.750731E-02    1.136854E+00    7.500000E-06    1.000000E+00
     2200    1.1000E-01    2.446408E-12    1.000000E-20    7.390661E-11    2.525705E-02    4.750731E-02    1.137692E+00    7.500000E-06    1.000000E+00
     2225    1.1125E-01    1.897276E-12    1.000000E-20    5.869059E-11    2.525705E-02    4.750731E-02    1.138490E+00    7.500000E-06    1.000000E+00
     2250    1.1250E-01    1.471405E-12    1.000000E-20    4.660727E-11    2.525705E-02    4.750731E-02    1.139250E+00    7.500000E-06    1.000000E+00
     2275    1.1375E-01    1.141126E-12    1.000000E-20    3.701169E-11    2.525705E-02    4.750731E-02    1.139975E+00    7.500000E-06    1.000000E+00
     2300    1.1500E-01    8.849838E-13    1.000000E-20    2.939166E-11    2.525705E-02    4.750731E-02    1.140666E+00    7.500000E-06    1.000000E+00
     2325    1.1625E-01    6.863362E-13    1.000000E-20    2.334045E-11    2.525705E-02    4.750731E-02    1.141325E+00    7.500000E-06    1.000000E+00
     2350    1.1750E-01    5.322780E-13    1.000000E-20    1.853508E-11    2.525705E-02    4.750731E-02    1.141953E+00    7.500000E-06    1.000000E+00
     2375    1.1875E-01    4.128004E-13    1.000000E-20    1.471905E-11    2.525705E-02    4.750731E-02    1.142552E+00    7.500000E-06    1.000000E+00
     2400    1.2000E-01    3.201413E-13    1.000000E-20    1.168866E-11    2.525705E-02    4.750731E-02    1.143122E+00    7.500000E-06    1.000000E+00
     2425    1.2125E-01    2.482809E-13    1.000000E-20    9.282182E-12    2.525705E-02    4.750731E-02    1.143666E+00    7.500000E-06    1.000000E+00
     2450    1.2250E-01    1.925506E-13    1.000000E-20    7.371150E-12    2.525705E-02    4.750731E-02    1.144185E+00    7.500000E-06    1.000000E+00
     2475    1.2375E-01    1.493298E-13    1.000000E-20    5.853565E-12    2.525705E-02    4.750731E-02    1.144679E+00    7.500000E-06    1.000000E+00
     2500    1.2500E-01    1.158105E-13    1.000000E-20    4.648423E-12    2.525705E-02    4.750731E-02    1.145150E+00    7.500000E-06    1.000000E+00
     2525    1.2625E-01    8.981516E-14    1.000000E-20    3.691398E-12    2.525705E-02    4.750731E-02    1.145599E+00    7.500000E-06    1.000000E+00
     2550    1.2750E-01    6.965483E-14    1.000000E-20    2.931407E-12    2.525705E-02    4.750731E-02    1.146027E+00    7.500000E-06    1.000000E+00
     2575    1.2875E-01    5.401978E-14    1.000000E-20    2.327884E-12    2.525705E-02    4.750731E-02    1.146435E+00    7.500000E-06    1.000000E+00
     2600    1.3000E-01    4.189425E-14    1.000000E-20    1.848615E-12    2.525705E-02    4.750731E-02    1.146824E+00    7.500000E-06    1.000000E+00
     2625    1.3125E-01    3.249047E-14    1.000000E-20    1.468019E-12    2.525705E-02    4.750731E-02    1.147195E+00    7.500000E-06    1.000000E+00
     2650    1.3250E-01    2.519751E-14    1.000000E-20    1.165781E-12    2.525705E-02    4.750731E-02    1.147548E+00    7.500000E-06    1.000000E+00
     2675    1.3375E-01    1.954156E-14    1.000000E-20    9.257677E-13    2.525705E-02    4.750731E-02    1.147885E+00    7.500000E-06    1.000000E+00
     2700    1.3500E-01    1.515517E-14    1.000000E-20    7.351691E-13    2.525705E-02    4.750731E-02    1.148206E+00    7.500000E-06    1.000000E+00
     2725    1.3625E-01    1.175337E-14    1.000000E-20    5.838112E-13    2.525705E-02    4.750731E-02    1.148512E+00    7.500000E-06    1.000000E+00
     2750    1.3750E-01    9.115153E-15    1.000000E-20    4.636151E-13    2.525705E-02    4.750731E-02    1.148804E+00    7.500000E-06    1.000000E+00
     2775    1.3875E-01    7.069123E-15    1.000000E-20    3.681653E-13    2.525705E-02    4.750731E-02    1.149082E+00    7.500000E-06    1.000000E+00
     2800    1.4000E-01    5.482355E-15    1.000000E-20    2.923668E-13    2.525705E-02    4.750731E-02    1.149347E+00    7.500000E-06    1.000000E+00
     2825    1.4125E-01    4.251760E-15    1.000000E-20    2.321738E-13    2.525705E-02    4.750731E-02    1.149600E+00    7.500000E-06    1.000000E+00
     2850    1.4250E-01    3.297390E-15    1.000000E-20    1.843735E-13    2.525705E-02    4.750731E-02    1.149841E+00    7.500000E-06    1.000000E+00
     2875    1.4375E-01    2.557243E-15    1.000000E-20    1.464143E-13    2.525705E-02    4.750731E-02    1.150070E+00    7.500000E-06    1.000000E+00
     2900    1.4500E-01    1.983232E-15    1.000000E-20    1.162703E-13    2.525705E-02    4.750731E-02    1.150289E+00    7.500000E-06    1.000000E+00
     2925    1.4625E-01    1.538066E-15    1.000000E-20    9.233237E-14    2.525705E-02    4.750731E-02    1.150498E+00    7.500000E-06    1.000000E+00
     2950    1.4750E-01    1.192825E-15    1.000000E-20    7.332282E-14    2.525705E-02    4.750731E-02    1.150697E+00    7.500000E-06    1.000000E+00
     2975    1.4875E-01    9.250779E-16    1.000000E-20    5.822700E-14    2.525705E-02    4.750731E-02    1.150886E+00    7.500000E-06    1.000000E+00
     3000    1.5000E-01    7.174306E-16    1.000000E-20    4.623912E-14    2.525705E-02    4.750731E-02    1.151067E+00    7.500000E-06    1.000000E+00
     3025    1.5125E-01    5.563928E-16    1.000000E-20    3.671933E-14    2.525705E-02    4.750731E-02    1.151239E+00    7.500000E-06    1.000000E+00
     3050    1.5250E-01    4.315022E-16    1.000000E-20    2.915949E-14    2.525705E-02    4.750731E-02    1.151403E+00    7.500000E-06    1.000000E+00
     3075    1.5375E-01    3.346452E-16    1.000000E-20    2.315609E-14    2.525705E-02    4.750731E-02    1.151560E+00    7.500000E-06    1.000000E+00
     3100    1.5500E-01    2.595292E-16    1.000000E-20    1.838867E-14    2.525705E-02    4.750731E-02    1.151709E+00    7.500000E-06    1.000000E+00
     3125    1.5625E-01    2.012741E-16    1.000000E-20    1.460278E-14    2.525705E-02    4.750731E-02    1.151851E+00    7.500000E-06    1.000000E+00
     3150    1.5750E-01    1.560952E-16    1.000000E-20    1.159633E-14    2.525705E-02    4.750731E-02    1.151987E+00    7.500000E-06    1.000000E+00
     3175    1.5875E-01    1.210573E-16    1.000000E-20    9.208862E-15    2.525705E-02    4.750731E-02    1.152116E+00    7.500000E-06    1.000000E+00
     3200    1.6000E-01    9.388422E-17    1.000000E-20    7.312925E-15    2.525705E-02    4.750731E-02    1.152239E+00    7.500000E-06    1.000000E+00
     3225    1.6125E-01    7.281053E-17    1.000000E-20    5.807328E-15    2.525705E-02    4.750731E-02    1.152357E+00    7.500000E-06    1.000000E+00
     3250    1.6250E-01    5.646714E-17    1.000000E-20    4.611705E-15    2.525705E-02    4.750731E-02    1.152469E+00    7.500000E-06    1.000000E+00
     3275    1.6375E-01    4.379226E-17    1.000000E-20    3.662239E-15    2.525705E-02    4.750731E-02    1.152575E+00    7.500000E-06    1.000000E+00
     3300    1.6500E-01    3.396245E-17    1.000000E-20    2.908251E-15    2.525705E-02    4.750731E-02    1.152677E+00    7.500000E-06    1.000000E+00
     3325    1.6625E-01    2.633908E-17    1.000000E-20    2.309496E-15    2.525705E-02    4.750731E-02    1.152774E+00    7.500000E-06    1.000000E+00
     3350    1.6750E-01    2.042689E-17    1.000000E-20    1.834013E-15    2.525705E-02    4.750731E-02    1.152866E+00    7.500000E-06    1.000000E+00
     3375    1.6875E-01    1.584177E-17    1.000000E-20    1.456423E-15    2.525705E-02    4.750731E-02    1.152954E+00    7.500000E-06    1.000000E+00
     3400    1.7000E-01    1.228585E-17    1.000000E-20    1.156572E-15    2.525705E-02    4.750731E-02    1.153038E+00    7.500000E-06    1.000000E+00
     3425    1.7125E-01    9.528113E-18    1.000000E-20    9.184551E-16    2.525705E-02    4.750731E-02    1.153118E+00    7.500000E-06    1.000000E+00
     3450    1.7250E-01    7.389389E-18    1.000000E-20    7.293620E-16    2.525705E-02    4.750731E-02    1.153195E+00    7.500000E-06    1.000000E+00
     3475    1.7375E-01    5.730732E-18    1.000000E-20    5.791997E-16    2.525705E-02    4.750731E-02    1.153267E+00    7.500000E-06    1.000000E+00
     3500    1.7500E-01    4.444385E-18    1.000000E-20    4.599530E-16    2.525705E-02    4.750731E-02    1.153337E+00    7.500000E-06    1.000000E+00
     3525    1.7625E-01    3.446778E-18    1.000000E-20    3.652571E-16    2.525705E-02    4.750731E-02    1.153403E+00    7.500000E-06    1.000000E+00
     3550    1.7750E-01    2.673098E-18    1.000000E-20    2.900574E-16    2.525705E-02    4.750731E-02    1.153466E+00    7.500000E-06    1.000000E+00
     3575    1.7875E-01    2.073082E-18    1.000000E-20    2.303399E-16    2.525705E-02    4.750731E-02    1.153526E+00    7.500000E-06    1.000000E+00
     3600    1.8000E-01    1.607748E-18    1.000000E-20    1.829171E-16    2.525705E-02    4.750731E-02    1.153583E+00    7.500000E-06    1.000000E+00
     3625    1.8125E-01    1.246866E-18    1.000000E-20    1.452578E-16    2.525705E-02    4.750731E-02    1.153638E+00    7.500000E-06    1.000000E+00
     3650    1.8250E-01    9.669883E-19    1.000000E-20    1.153519E-16    2.525705E-02    4.750731E-02    1.153690E+00    7.500000E-06    1.000000E+00
     3675    1.8375E-01    7.499336E-19    1.000000E-20    9.160304E-17    2.525705E-02    4.750731E-02    1.153739E+00    7.500000E-06    1.000000E+00
     3700    1.8500E-01    5.816000E-19    1.000000E-20    7.274365E-17    2.525705E-02    4.750731E-02    1.153786E+00    7.500000E-06    1.000000E+00
     3725    1.8625E-01    4.510514E-19    1.000000E-20    5.776706E-17    2.525705E-02    4.750731E-02    1.153831E+00    7.500000E-06    1.000000E+00
     3750    1.8750E-01    3.498063E-19    1.000000E-20    4.587388E-17    2.525705E-02    4.750731E-02    1.153874E+00    7.500000E-06    1.000000E+00
     3775    1.8875E-01    2.712871E-19    1.000000E-20    3.642929E-17    2.525705E-02    4.750731E-02    1.153915E+00    7.500000E-06    1.000000E+00
     3800    1.9000E-01    2.103928E-19    1.000000E-20    2.892916E-17    2.525705E-02    4.750731E-02    1.153954E+00    7.500000E-06    1.000000E+00
     3825    1.9125E-01    1.631670E-19    1.000000E-20    2.297318E-17    2.525705E-02    4.750731E-02    1.153991E+00    7.500000E-06    1.000000E+00
     3850    1.9250E-01    1.265418E-19    1.000000E-20    1.824342E-17    2.525705E-02    4.750731E-02    1.154027E+00    7.500000E-06    1.000000E+00
     3875    1.9375E-01    9.813763E-20    1.000000E-20    1.448743E-17    2.525705E-02    4.750731E-02    1.154061E+00    7.500000E-06    1.000000E+00
     3900    1.9500E-01    7.610920E-20    1.000000E-20    1.150474E-17    2.525705E-02    4.750731E-02    1.154093E+00    7.500000E-06    1.000000E+00
     3925    1.9625E-01    5.902537E-20    1.000000E-20    9.136121E-18    2.525705E-02    4.750731E-02    1.154124E+00    7.500000E-06    1.000000E+00
     3950    1.9750E-01    4.577626E-20    1.000000E-20    7.255161E-18    2.525705E-02    4.750731E-02    1.154153E+00    7.500000E-06    1.000000E+00
     3975    1.9875E-01    3.550111E-20    1.000000E-20    5.761456E-18    2.525705E-02    4.750731E-02    1.154181E+00    7.500000E-06    1.000000E+00
     4000    2.0000E-01    2.753236E-20    1.000000E-20    4.575277E-18    2.525705E-02    4.750731E-02    1.154207E+00    7.500000E-06    1.000000E+00
     4025    2.0125E-01    2.135232E-20    1.000000E-20    3.633311E-18    2.525705E-02    4.750731E-02    1.154233E+00    7.500000E-06    1.000000E+00
     4050    2.0250E-01    1.655948E-20    1.000000E-20    2.885279E-18    2.525705E-02    4.750731E-02    1.154257E+00    7.500000E-06    1.000000E+00
     4075    2.0375E-01    1.284246E-20    1.000000E-20    2.291253E-18    2.525705E-02    4.750731E-02    1.154280E+00    7.500000E-06    1.000000E+00
     4100    2.0500E-01    1.000000E-20    1.000000E-20    1.819526E-18    2.525705E-02    4.750731E-02    1.154302E+00    7.500000E-06    1.000000E+00
     4125    2.0625E-01    1.000000E-20    1.000000E-20    1.444919E-18    2.525705E-02    4.750731E-02    1.154323E+00    7.500000E-06    1.000000E+00
     4150    2.0750E-01    1.000000E-20    1.000000E-20    1.147436E-18    2.525705E-02    4.750731E-02    1.154343E+00    7.500000E-06    1.000000E+00
     4175    2.0875E-01    1.000000E-20    1.000000E-20    9.112002E-19    2.525705E-02    4.750731E-02    1.154362E+00    7.500000E-06    1.000000E+00
     4200    2.1000E-01    1.000000E-20    1.000000E-20    7.236007E-19    2.525705E-02    4.750731E-02    1.154380E+00    7.500000E-06    1.000000E+00
     4225    2.1125E-01    1.000000E-20    1.000000E-20    5.746246E-19    2.525705E-02    4.750731E-02    1.154397E+00    7.500000E-06    1.000000E+00
     4250    2.1250E-01    1.000000E-20    1.000000E-20    4.563199E-19    2.525705E-02    4.750731E-02    1.154414E+00    7.500000E-06    1.000000E+00
     4275    2.1375E-01    1.000000E-20    1.000000E-20    3.623720E-19    2.525705E-02    4.750731E-02    1.154429E+00    7.500000E-06    1.000000E+00
     4300    2.1500E-01    1.000000E-20    1.000000E-20    2.877662E-19    2.525705E-02    4.750731E-02    1.154444E+00    7.500000E-06    1.000000E+00
     4325    2.1625E-01    1.000000E-20    1.000000E-20    2.285204E-19    2.525705E-02    4.750731E-02    1.154458E+00    7.500000E-06    1.000000E+00
     4350    2.1750E-01    1.000000E-20    1.000000E-20    1.814722E-19    2.525705E-02    4.750731E-02    1.154472E+00    7.500000E-06    1.000000E+00
     4375    2.1875E-01    1.000000E-20    1.000000E-20    1.441104E-19    2.525705E-02    4.750731E-02    1.154485E+00    7.500000E-06    1.000000E+00
     4400    2.2000E-01    1.000000E-20    1.000000E-20    1.144407E-19    2.525705E-02    4.750731E-02    1.154497E+00    7.500000E-06    1.000000E+00
     4425    2.2125E-01    1.000000E-20    1.000000E-20    9.087946E-20    2.525705E-02    4.750731E-02    1.154509E+00    7.500000E-06    1.000000E+00
     4450    2.2250E-01    1.000000E-20    1.000000E-20    7.216904E-20    2.525705E-02    4.750731E-02    1.154520E+00    7.500000E-06    1.000000E+00
     4475    2.2375E-01    1.000000E-20    1.000000E-20    5.731076E-20    2.525705E-02    4.750731E-02    1.154531E+00    7.500000E-06    1.000000E+00
     4500    2.2500E-01    1.000000E-20    1.000000E-20    4.551152E-20    2.525705E-02    4.750731E-02    1.154541E+00    7.500000E-06    1.000000E+00
     4525    2.2625E-01    1.000000E-20    1.000000E-20    3.614153E-20    2.525705E-02    4.750731E-02    1.154551E+00    7.500000E-06    1.000000E+00
     4550    2.2750E-01    1.000000E-20    1.000000E-20    2.870065E-20    2.525705E-02    4.750731E-02    1.154560E+00    7.500000E-06    1.000000E+00
     4575    2.2875E-01    1.000000E-20    1.000000E-20    2.279171E-20    2.525705E-02    4.750731E-02    1.154569E+00    7.500000E-06    1.000000E+00
     4600    2.3000E-01    1.000000E-20    1.000000E-20    1.809931E-20    2.525705E-02    4.750731E-02    1.154578E+00    7.500000E-06    1.000000E+00
     4625    2.3125E-01    1.000000E-20    1.000000E-20    1.437300E-20    2.525705E-02    4.750731E-02    1.154586E+00    7.500000E-06    1.000000E+00
     4650    2.3250E-01    1.000000E-20    1.000000E-20    1.141386E-20    2.525705E-02    4.750731E-02    1.154593E+00    7.500000E-06    1.000000E+00
     4675    2.3375E-01    1.000000E-20    1.000000E-20    1.000000E-20    2.525705E-02    4.750731E-02    1.154600E+00    7.500000E-06    1.000000E+00
     4700    2.3500E-01    1.000000E-20    1.000000E-20    1.000000E-20    2.525705E-02    4.750731E-02    1.154607E+00    7.500000E-06    1.000000E+00
     4725    2.3625E-01    1.000000E-20    1.000000E-20    1.000000E-20    2.525705E-02    4.750731E-02    1.154614E+00    7.500000E-06    1.000000E+00
     4750    2.3750E-01    1.000000E-20    1.000000E-20    1.000000E-20    2.525705E-02    4.750731E-02    1.154620E+00    7.500000E-06    1.000000E+00
     4775    2.3875E-01    1.000000E-20    1.000000E-20    1.000000E-20    2.525705E-02    4.750731E-02    1.154626E+00    7.500000E-06    1.000000E+00
     4800    2.4000E-01    1.000000E-20    1.000000E-20    1.000000E-20    2.525705E-02    4.750731E-02    1.154632E+00    7.500000E-06    1.000000E+00
     4825    2.4125E-01    1.000000E-20    1.000000E-20    1.000000E-20    2.525705E-02    4.750731E-02    1.154638E+00    7.500000E-06    1.000000E+00
     4850    2.4250E-01    1.000000E-20    1.000000E-20    1.000000E-20    2.525705E-02    4.750731E-02    1.154643E+00    7.500000E-06    1.000000E+00
     4875    2.4375E-01    1.000000E-20    1.000000E-20    1.000000E-20    2.525705E-02    4.750731E-02    1.154648E+00    7.500000E-06    1.000000E+00
     4900    2.4500E-01    1.000000E-20    1.000000E-20    1.000000E-20    2.525705E-02    4.750731E-02    1.154653E+00    7.500000E-06    1.000000E+00
     4925    2.4625E-01    1.000000E-20    1.000000E-20    1.000000E-20    2.525705E-02    4.750731E-02    1.154657E+00    7.500000E-06    1.000000E+00
     4950    2.4750E-01    1.000000E-20    1.000000E-20    1.000000E-20    2.525705E-02    4.750731E-02    1.154661E+00    7.500000E-06    1.000000E+00
     4975    2.4875E-01    1.000000E-20    1.000000E-20    1.000000E-20    2.525705E-02    4.750731E-02    1.154665E+00    7.500000E-06    1.000000E+00
     5000    2.5000E-01    1.000000E-20    1.000000E-20    1.000000E-20    2.525705E-02    4.750731E-02    1.154669E+00    7.500000E-06    1.000000E+00
     5025    2.5125E-01    1.000000E-20    1.000000E-20    1.000000E-20    2.525705E-02    4.750731E-02    1.154673E+00    7.500000E-06    1.000000E+00
     5050    2.5250E-01    1.000000E-20    1.000000E-20    1.000000E-20    2.525705E-02    4.750731E-02    1.154677E+00    7.500000E-06    1.000000E+00
     5075    2.5375E-01    1.000000E-20    1.000000E-20    1.000000E-20    2.525705E-02    4.750731E-02    1.154680E+00    7.500000E-06    1.000000E+00
     5100    2.5500E-01    1.000000E-20    1.000000E-20    1.000000E-20    2.525705E-02    4.750731E-02    1.154683E+00    7.500000E-06    1.000000E+00
     5125    2.5625E-01    1.000000E-20    1.000000E-20    1.000000E-20    2.525705E-02    4.750731E-02    1.154686E+00    7.500000E-06    1.000000E+00
     5150    2.5750E-01    1.000000E-20    1.000000E-20    1.000000E-20    2.525705E-02    4.750731E-02    1.154689E+00    7.500000E-06    1.000000E+00
     5175    2.5875E-01    1.000000E-20    1.000000E-20    1.000000E-20    2.525705E-02    4.750731E-02    1.154692E+00    7.500000E-06    1.000000E+00
     5200    2.6000E-01    1.000000E-20    1.000000E-20    1.000000E-20    2.525705E-02    4.750731E-02    1.154695E+00    7.500000E-06    1.000000E+00
     5225    2.6125E-01    1.000000E-20    1.000000E-20    1.000000E-20    2.525705E-02    4.750731E-02    1.154697E+00    7.500000E-06    1.000000E+00
     5250    2.6250E-01    1.000000E-20    1.000000E-20    1.000000E-20    2.525705E-02    4.750731E-02    1.154700E+00    7.500000E-06    1.000000E+00
     5275    2.6375E-01    1.000000E-20    1.000000E-20    1.000000E-20    2.525705E-02    4.750731E-02    1.154702E+00    7.500000E-06    1.000000E+00
     5300    2.6500E-01    1.000000E-20    1.000000E-20    1.000000E-20    2.525705E-02    4.750731E-02    1.154704E+00    7.500000E-06    1.000000E+00
     5325    2.6625E-01    1.000000E-20    1.000000E-20    1.000000E-20    2.525705E-02    4.750731E-02    1.154706E+00    7.500000E-06    1.000000E+00
     5350    2.6750E-01    1.000000E-20    1.000000E-20    1.000000E-20    2.525705E-02    4.750731E-02    1.154708E+00    7.500000E-06    1.000000E+00
     5375    2.6875E-01    1.000000E-20    1.000000E-20    1.000000E-20    2.525705E-02    4.750731E-02    1.154710E+00    7.500000E-06    1.000000E+00
     5400    2.7000E-01    1.000000E-20    1.000000E-20    1.000000E-20    2.525705E-02    4.750731E-02    1.154712E+00    7.500000E-06    1.000000E+00
     5425    2.7125E-01    1.000000E-20    1.000000E-20    1.000000E-20    2.525705E-02    4.750731E-02    1.154714E+00    7.500000E-06    1.000000E+00
     5450    2.7250E-01    1.000000E-20    1.000000E-20    1.000000E-20    2.525705E-02    4.750731E-02    1.154715E+00    7.500000E-06    1.000000E+00
     5475    2.7375E-01    1.000000E-20    1.000000E-20    1.000000E-20    2.525705E-02    4.750731E-02    1.154717E+00    7.500000E-06    1.000000E+00
     5500    2.7500E-01    1.000000E-20    1.000000E-20    1.000000E-20    2.525705E-02    4.750731E-02    1.154719E+00    7.500000E-06    1.000000E+00
     5525    2.7625E-01    1.000000E-20    1.000000E-20    1.000000E-20    2.525705E-02    4.750731E-02    1.154720E+00    7.500000E-06    1.000000E+00
     5550    2.7750E-01    1.000000E-20    1.000000E-20    1.000000E-20    2.525705E-02    4.750731E-02    1.154721E+00    7.500000E-06    1.000000E+00
     5575    2.7875E-01    1.000000E-20    1.000000E-20    1.000000E-20    2.525705E-02    4.750731E-02    1.154723E+00    7.500000E-06    1.000000E+00
     5600    2.8000E-01    1.000000E-20    1.000000E-20    1.000000E-20    2.525705E-02    4.750731E-02    1.154724E+00    7.500000E-06    1.000000E+00
     5625    2.8125E-01    1.000000E-20    1.000000E-20    1.000000E-20    2.525705E-02    4.750731E-02    1.154725E+00    7.500000E-06    1.000000E+00
     5650    2.8250E-01    1.000000E-20    1.000000E-20    1.000000E-20    2.525705E-02    4.750731E-02    1.154726E+00    7.500000E-06    1.000000E+00
     5675    2.8375E-01    1.000000E-20    1.000000E-20    1.000000E-20    2.525705E-02    4.750731E-02    1.154727E+00    7.500000E-06    1.000000E+00
     5700    2.8500E-01    1.000000E-20    1.000000E-20    1.000000E-20    2.525705E-02    4.750731E-02    1.154728E+00    7.500000E-06    1.000000E+00
     5725    2.8625E-01    1.000000E-20    1.000000E-20    1.000000E-20    2.525705E-02    4.750731E-02    1.154729E+00    7.500000E-06    1.000000E+00
     5750    2.8750E-01    1.000000E-20    1.000000E-20    1.000000E-20    2.525705E-02    4.750731E-02    1.154730E+00    7.500000E-06    1.000000E+00
     5775    2.8875E-01    1.000000E-20    1.000000E-20    1.000000E-20    2.525705E-02    4.750731E-02    1.154731E+00    7.500000E-06    1.000000E+00
     5800    2.9000E-01    1.000000E-20    1.000000E-20    1.000000E-20    2.525705E-02    4.750731E-02    1.154732E+00    7.500000E-06    1.000000E+00
     5825    2.9125E-01    1.000000E-20    1.000000E-20    1.000000E-20    2.525705E-02    4.750731E-02    1.154733E+00    7.500000E-06    1.000000E+00
     5850    2.9250E-01    1.000000E-20    1.000000E-20    1.000000E-20    2.525705E-02    4.750731E-02    1.154733E+00    7.500000E-06    1.000000E+00
     5875    2.9375E-01    1.000000E-20    1.000000E-20    1.000000E-20    2.525705E-02    4.750731E-02    1.154734E+00    7.500000E-06    1.000000E+00
     5900    2.9500E-01    1.000000E-20    1.000000E-20    1.000000E-20    2.525705E-02    4.750731E-02    1.154735E+00    7.500000E-06    1.000000E+00
     5925    2.9625E-01    1.000000E-20    1.000000E-20    1.000000E-20    2.525705E-02    4.750731E-02    1.154736E+00    7.500000E-06    1.000000E+00
     5950    2.9750E-01    1.000000E-20    1.000000E-20    1.000000E-20    2.525705E-02    4.750731E-02    1.154736E+00    7.500000E-06    1.000000E+00
     5975    2.9875E-01    1.000000E-20    1.000000E-20    1.000000E-20    2.525705E-02    4.750731E-02    1.154737E+00    7.500000E-06    1.000000E+00
     6000    3.0000E-01    1.000000E-20    1.000000E-20    1.000000E-20    2.525705E-02    4.750731E-02    1.154737E+00    7.500000E-06    1.000000E+00
     6025    3.0125E-01    1.000000E-20    1.000000E-20    1.000000E-20    2.525705E-02    4.750731E-02    1.154738E+00    7.500000E-06    1.000000E+00
     6050    3.0250E-01    1.000000E-20    1.000000E-20    1.000000E-20    2.525705E-02    4.750731E-02    1.154738E+00    7.500000E-06    1.000000E+00
     6075    3.0375E-01    1.000000E-20    1.000000E-20    1.000000E-20    2.525705E-02    4.750731E-02    1.154739E+00    7.500000E-06    1.000000E+00
     6100    3.0500E-01    1.000000E-20    1.000000E-20    1.000000E-20    2.525705E-02    4.750731E-02    1.154739E+00    7.500000E-06    1.000000E+00
     6125    3.0625E-01    1.000000E-20    1.000000E-20    1.000000E-20    2.525705E-02    4.750731E-02    1.154740E+00    7.500000E-06    1.000000E+00
     6150    3.0750E-01    1.000000E-20    1.000000E-20    1.000000E-20    2.525705E-02    4.750731E-02    1.154740E+00    7.500000E-06    1.000000E+00
     6175    3.0875E-01    1.000000E-20    1.000000E-20    1.000000E-20    2.525705E-02    4.750731E-02    1.154741E+00    7.500000E-06    1.000000E+00
     6200    3.1000E-01    1.000000E-20    1.000000E-20    1.000000E-20    2.525705E-02    4.750731E-02    1.154741E+00    7.500000E-06    1.000000E+00
     6225    3.1125E-01    1.000000E-20    1.000000E-20    1.000000E-20    2.525705E-02    4.750731E-02    1.154741E+00    7.500000E-06    1.000000E+00
     6250    3.1250E-01    1.000000E-20    1.000000E-20    1.000000E-20    2.525705E-02    4.750731E-02    1.154742E+00    7.500000E-06    1.000000E+00
     6275    3.1375E-01    1.000000E-20    1.000000E-20    1.000000E-20    2.525705E-02    4.750731E-02    1.154742E+00    7.500000E-06    1.000000E+00
     6300    3.1500E-01    1.000000E-20    1.000000E-20    1.000000E-20    2.525705E-02    4.750731E-02    1.154743E+00    7.500000E-06    1.000000E+00
     6325    3.1625E-01    1.000000E-20    1.000000E-20    1.000000E-20    2.525705E-02    4.750731E-02    1.154743E+00    7.500000E-06    1.000000E+00
     6350    3.1750E-01    1.000000E-20    1.000000E-20    1.000000E-20    2.525705E-02    4.750731E-02    1.154743E+00    7.500000E-06    1.000000E+00
     6375    3.1875E-01    1.000000E-20    1.000000E-20    1.000000E-20    2.525705E-02    4.750731E-02    1.154743E+00    7.500000E-06    1.000000E+00
     6400    3.2000E-01    1.000000E-20    1.000000E-20    1.000000E-20    2.525705E-02    4.750731E-02    1.154744E+00    7.500000E-06    1.000000E+00
     6425    3.2125E-01    1.000000E-20    1.000000E-20    1.000000E-20    2.525705E-02    4.750731E-02    1.154744E+00    7.500000E-06    1.000000E+00
     6450    3.2250E-01    1.000000E-20    1.000000E-20    1.000000E-20    2.525705E-02    4.750731E-02    1.154744E+00    7.500000E-06    1.000000E+00
     6475    3.2375E-01    1.000000E-20    1.000000E-20    1.000000E-20    2.525705E-02    4.750731E-02    1.154744E+00    7.500000E-06    1.000000E+00
     6500    3.2500E-01    1.000000E-20    1.000000E-20    1.000000E-20    2.525705E-02    4.750731E-02    1.154745E+00    7.500000E-06    1.000000E+00
     6525    3.2625E-01    1.000000E-20    1.000000E-20    1.000000E-20    2.525705E-02    4.750731E-02    1.154745E+00    7.500000E-06    1.000000E+00
     6550    3.2750E-01    1.000000E-20    1.000000E-20    1.000000E-20    2.525705E-02    4.750731E-02    1.154745E+00    7.500000E-06    1.000000E+00
     6575    3.2875E-01    1.000000E-20    1.000000E-20    1.000000E-20    2.525705E-02    4.750731E-02    1.154745E+00    7.500000E-06    1.000000E+00
     6600    3.3000E-01    1.000000E-20    1.000000E-20    1.000000E-20    2.525705E-02    4.750731E-02    1.154745E+00    7.500000E-06    1.000000E+00
     6625    3.3125E-01    1.000000E-20    1.000000E-20    1.000000E-20    2.525705E-02    4.750731E-02    1.154746E+00    7.500000E-06    1.000000E+00
     6650    3.3250E-01    1.000000E-20    1.000000E-20    1.000000E-20    2.525705E-02    4.750731E-02    1.154746E+00    7.500000E-06    1.000000E+00
     6675    3.3375E-01    1.000000E-20    1.000000E-20    1.000000E-20    2.525705E-02    4.750731E-02    1.154746E+00    7.500000E-06    1.000000E+00
     6700    3.3500E-01    1.000000E-20    1.000000E-20    1.000000E-20    2.525705E-02    4.750731E-02    1.154746E+00    7.500000E-06    1.000000E+00
     6725    3.3625E-01    1.000000E-20    1.000000E-20    1.000000E-20    2.525705E-02    4.750731E-02    1.154746E+00    7.500000E-06    1.000000E+00
     6750    3.3750E-01    1.000000E-20    1.000000E-20    1.000000E-20    2.525705E-02    4.750731E-02    1.154746E+00    7.500000E-06    1.000000E+00
     6775    3.3875E-01    1.000000E-20    1.000000E-20    1.000000E-20    2.525705E-02    4.750731E-02    1.154746E+00    7.500000E-06    1.000000E+00
     6800    3.4000E-01    1.000000E-20    1.000000E-20    1.000000E-20    2.525705E-02    4.750731E-02    1.154747E+00    7.500000E-06    1.000000E+00
     6825    3.4125E-01    1.000000E-20    1.000000E-20    1.000000E-20    2.525705E-02    4.750731E-02    1.154747E+00    7.500000E-06    1.000000E+00
     6850    3.4250E-01    1.000000E-20    1.000000E-20    1.000000E-20    2.525705E-02    4.750731E-02    1.154747E+00    7.500000E-06    1.000000E+00
     6875    3.4375E-01    1.000000E-20    1.000000E-20    1.000000E-20    2.525705E-02    4.750731E-02    1.154747E+00    7.500000E-06    1.000000E+00
     6900    3.4500E-01    1.000000E-20    1.000000E-20    1.000000E-20    2.525705E-02    4.750731E-02    1.154747E+00    7.500000E-06    1.000000E+00
     6925    3.4625E-01    1.000000E-20    1.000000E-20    1.000000E-20    2.525705E-02    4.750731E-02    1.154747E+00    7.500000E-06    1.000000E+00
     6950    3.4750E-01    1.000000E-20    1.000000E-20    1.000000E-20    2.525705E-02    4.750731E-02    1.154747E+00    7.500000E-06    1.000000E+00
     6975    3.4875E-01    1.000000E-20    1.000000E-20    1.000000E-20    2.525705E-02    4.750731E-02    1.154747E+00    7.500000E-06    1.000000E+00
     7000    3.5000E-01    1.000000E-20    1.000000E-20    1.000000E-20    2.525705E-02    4.750731E-02    1.154747E+00    7.500000E-06    1.000000E+00
     7025    3.5125E-01    1.000000E-20    1.000000E-20    1.000000E-20    2.525705E-02    4.750731E-02    1.154747E+00    7.500000E-06    1.000000E+00
     7050    3.5250E-01    1.000000E-20    1.000000E-20    1.000000E-20    2.525705E-02    4.750731E-02    1.154748E+00    7.500000E-06    1.000000E+00
     7075    3.5375E-01    1.000000E-20    1.000000E-20    1.000000E-20    2.525705E-02    4.750731E-02    1.154748E+00    7.500000E-06    1.000000E+00
     7100    3.5500E-01    1.000000E-20    1.000000E-20    1.000000E-20    2.525705E-02    4.750731E-02    1.154748E+00    7.500000E-06    1.000000E+00
     7125    3.5625E-01    1.000000E-20    1.000000E-20    1.000000E-20    2.525705E-02    4.750731E-02    1.154748E+00    7.500000E-06    1.000000E+00
     7150    3.5750E-01    1.000000E-20    1.000000E-20    1.000000E-20    2.525705E-02    4.750731E-02    1.154748E+00    7.500000E-06    1.000000E+00
     7175    3.5875E-01    1.000000E-20    1.000000E-20    1.000000E-20    2.525705E-02    4.750731E-02    1.154748E+00    7.500000E-06    1.000000E+00
     7200    3.6000E-01    1.000000E-20    1.000000E-20    1.000000E-20    2.525705E-02    4.750731E-02    1.154748E+00    7.500000E-06    1.000000E+00
     7225    3.6125E-01    1.000000E-20    1.000000E-20    1.000000E-20    2.525705E-02    4.750731E-02    1.154748E+00    7.500000E-06    1.000000E+00
     7250    3.6250E-01    1.000000E-20    1.000000E-20    1.000000E-20    2.525705E-02    4.750731E-02    1.154748E+00    7.500000E-06    1.000000E+00
     7275    3.6375E-01    1.000000E-20    1.000000E-20    1.000000E-20    2.525705E-02    4.750731E-02    1.154748E+00    7.500000E-06    1.000000E+00
     7300    3.6500E-01    1.000000E-20    1.000000E-20    1.000000E-20    2.525705E-02    4.750731E-02    1.154748E+00    7.500000E-06    1.000000E+00
     7325    3.6625E-01    1.000000E-20    1.000000E-20    1.000000E-20    2.525705E-02    4.750731E-02    1.154748E+00    7.500000E-06    1.000000E+00
     7350    3.6750E-01    1.000000E-20    1.000000E-20    1.000000E-20    2.525705E-02    4.750731E-02    1.154748E+00    7.500000E-06    1.000000E+00
     7375    3.6875E-01    1.000000E-20    1.000000E-20    1.000000E-20    2.525705E-02    4.750731E-02    1.154748E+00    7.500000E-06    1.000000E+00
     7400    3.7000E-01    1.000000E-20    1.000000E-20    1.000000E-20    2.525705E-02    4.750731E-02    1.154748E+00    7.500000E-06    1.000000E+00
     7425    3.7125E-01    1.000000E-20    1.000000E-20    1.000000E-20    2.525705E-02    4.750731E-02    1.154748E+00    7.500000E-06    1.000000E+00
     7450    3.7250E-01    1.000000E-20    1.000000E-20    1.000000E-20    2.525705E-02    4.750731E-02    1.154748E+00    7.500000E-06    1.000000E+00
     7475    3.7375E-01    1.000000E-20    1.000000E-20    1.000000E-20    2.525705E-02    4.750731E-02    1.154748E+00    7.500000E-06    1.000000E+00
     7500    3.7500E-01    1.000000E-20    1.000000E-20    1.000000E-20    2.525705E-02    4.750731E-02    1.154748E+00    7.500000E-06    1.000000E+00
     7525    3.7625E-01    1.000000E-20    1.000000E-20    1.000000E-20    2.525705E-02    4.750731E-02    1.154748E+00    7.500000E-06    1.000000E+00
     7550    3.7750E-01    1.000000E-20    1.000000E-20    1.000000E-20    2.525705E-02    4.750731E-02    1.154749E+00    7.500000E-06    1.000000E+00
     7575    3.7875E-01    1.000000E-20    1.000000E-20    1.000000E-20    2.525705E-02    4.750731E-02    1.154749E+00    7.500000E-06    1.000000E+00
     7600    3.8000E-01    1.000000E-20    1.000000E-20    1.000000E-20    2.525705E-02    4.750731E-02    1.154749E+00    7.500000E-06    1.000000E+00
     7625    3.8125E-01    1.000000E-20    1.000000E-20    1.000000E-20    2.525705E-02    4.750731E-02    1.154749E+00    7.500000E-06    1.000000E+00
     7650    3.8250E-01    1.000000E-20    1.000000E-20    1.000000E-20    2.525705E-02    4.750731E-02    1.154749E+00    7.500000E-06    1.000000E+00
     7675    3.8375E-01    1.000000E-20    1.000000E-20    1.000000E-20    2.525705E-02    4.750731E-02    1.154749E+00    7.500000E-06    1.000000E+00
     7700    3.8500E-01    1.000000E-20    1.000000E-20    1.000000E-20    2.525705E-02    4.750731E-02    1.154749E+00    7.500000E-06    1.000000E+00
     7725    3.8625E-01    1.000000E-20    1.000000E-20    1.000000E-20    2.525705E-02    4.750731E-02    1.154749E+00    7.500000E-06    1.000000E+00
     7750    3.8750E-01    1.000000E-20    1.000000E-20    1.000000E-20    2.525705E-02    4.750731E-02    1.154749E+00    7.500000E-06    1.000000E+00
     7775    3.8875E-01    1.000000E-20    1.000000E-20    1.000000E-20    2.525705E-02    4.750731E-02    1.154749E+00    7.500000E-06    1.000000E+00
     7800    3.9000E-01    1.000000E-20    1.000000E-20    1.000000E-20    2.525705E-02    4.750731E-02    1.154749E+00    7.500000E-06    1.000000E+00
     7825    3.9125E-01    1.000000E-20    1.000000E-20    1.000000E-20    2.525705E-02    4.750731E-02    1.154749E+00    7.500000E-06    1.000000E+00
     7850    3.9250E-01    1.000000E-20    1.000000E-20    1.000000E-20    2.525705E-02    4.750731E-02    1.154749E+00    7.500000E-06    1.000000E+00
     7875    3.9375E-01    1.000000E-20    1.000000E-20    1.000000E-20    2.525705E-02    4.750731E-02    1.154749E+00    7.500000E-06    1.000000E+00
     7900    3.9500E-01    1.000000E-20    1.000000E-20    1.000000E-20    2.525705E-02    4.750731E-02    1.154749E+00    7.500000E-06    1.000000E+00
     7925    3.9625E-01    1.000000E-20    1.000000E-20    1.000000E-20    2.525705E-02    4.750731E-02    1.154749E+00    7.500000E-06    1.000000E+00
     7950    3.9750E-01    1.000000E-20    1.000000E-20    1.000000E-20    2.525705E-02    4.750731E-02    1.154749E+00    7.500000E-06    1.000000E+00
     7975    3.9875E-01    1.000000E-20    1.000000E-20    1.000000E-20    2.525705E-02    4.750731E-02    1.154749E+00    7.500000E-06    1.000000E+00
     8000    4.0000E-01    1.000000E-20    1.000000E-20    1.000000E-20    2.525705E-02    4.750731E-02    1.154749E+00    7.500000E-06    1.000000E+00
     8025    4.0125E-01    1.000000E-20    1.000000E-20    1.000000E-20    2.525705E-02    4.750731E-02    1.154749E+00    7.500000E-06    1.000000E+00
     8050    4.0250E-01    1.000000E-20    1.000000E-20    1.000000E-20    2.525705E-02    4.750731E-02    1.154749E+00    7.500000E-06    1.000000E+00
     8075    4.0375E-01    1.000000E-20    1.000000E-20    1.000000E-20    2.525705E-02    4.750731E-02    1.154749E+00    7.500000E-06    1.000000E+00
     8100    4.0500E-01    1.000000E-20    1.000000E-20    1.000000E-20    2.525705E-02    4.750731E-02    1.154749E+00    7.500000E-06    1.000000E+00
     8125    4.0625E-01    1.000000E-20    1.000000E-20    1.000000E-20    2.525705E-02    4.750731E-02    1.154749E+00    7.500000E-06    1.000000E+00
     8150    4.0750E-01    1.000000E-20    1.000000E-20    1.000000E-20    2.525705E-02    4.750731E-02    1.154749E+00    7.500000E-06    1.000000E+00
     8175    4.0875E-01    1.000000E-20    1.000000E-20    1.000000E-20    2.525705E-02    4.750731E-02    1.154749E+00    7.500000E-06    1.000000E+00
     8200    4.1000E-01    1.000000E-20    1.000000E-20    1.000000E-20    2.525705E-02    4.750731E-02    1.154749E+00    7.500000E-06    1.000000E+00
     8225    4.1125E-01    1.000000E-20    1.000000E-20    1.000000E-20    2.525705E-02    4.750731E-02    1.154749E+00    7.500000E-06    1.000000E+00
     8250    4.1250E-01    1.000000E-20    1.000000E-20    1.000000E-20    2.525705E-02    4.750731E-02    1.154749E+00    7.500000E-06    1.000000E+00
     8275    4.1375E-01    1.000000E-20    1.000000E-20    1.000000E-20    2.525705E-02    4.750731E-02    1.154749E+00    7.500000E-06    1.000000E+00
     8300    4.1500E-01    1.000000E-20    1.000000E-20    1.000000E-20    2.525705E-02    4.750731E-02    1.154749E+00    7.500000E-06    1.000000E+00
     8325    4.1625E-01    1.000000E-20    1.000000E-20    1.000000E-20    2.525705E-02    4.750731E-02    1.154749E+00    7.500000E-06    1.000000E+00
     8350    4.1750E-01    1.000000E-20    1.000000E-20    1.000000E-20    2.525705E-02    4.750731E-02    1.154749E+00    7.500000E-06    1.000000E+00
     8375    4.1875E-01    1.000000E-20    1.000000E-20    1.000000E-20    2.525705E-02    4.750731E-02    1.154749E+00    7.500000E-06    1.000000E+00
     8400    4.2000E-01    1.000000E-20    1.000000E-20    1.000000E-20    2.525705E-02    4.750731E-02    1.154749E+00    7.500000E-06    1.000000E+00
     8425    4.2125E-01    1.000000E-20    1.000000E-20    1.000000E-20    2.525705E-02    4.750731E-02    1.154749E+00    7.500000E-06    1.000000E+00
     8450    4.2250E-01    1.000000E-20    1.000000E-20    1.000000E-20    2.525705E-02    4.750731E-02    1.154749E+00    7.500000E-06    1.000000E+00
     8475    4.2375E-01    1.000000E-20    1.000000E-20    1.000000E-20    2.525705E-02    4.750731E-02    1.154749E+00    7.500000E-06    1.000000E+00
     8500    4.2500E-01    1.000000E-20    1.000000E-20    1.000000E-20    2.525705E-02    4.750731E-02    1.154749E+00    7.500000E-06    1.000000E+00
     8525    4.2625E-01    1.000000E-20    1.000000E-20    1.000000E-20    2.525705E-02    4.750731E-02    1.154749E+00    7.500000E-06    1.000000E+00
     8550    4.2750E-01    1.000000E-20    1.000000E-20    1.000000E-20    2.525705E-02    4.750731E-02    1.154749E+00    7.500000E-06    1.000000E+00
     8575    4.2875E-01    1.000000E-20    1.000000E-20    1.000000E-20    2.525705E-02    4.750731E-02    1.154749E+00    7.500000E-06    1.000000E+00
     8600    4.3000E-01    1.000000E-20    1.000000E-20    1.000000E-20    2.525705E-02    4.750731E-02    1.154749E+00    7.500000E-06    1.000000E+00
     8625    4.3125E-01    1.000000E-20    1.000000E-20    1.000000E-20    2.525705E-02    4.750731E-02    1.154749E+00    7.500000E-06    1.000000E+00
     8650    4.3250E-01    1.000000E-20    1.000000E-20    1.000000E-20    2.525705E-02    4.750731E-02    1.154749E+00    7.500000E-06    1.000000E+00
     8675    4.3375E-01    1.000000E-20    1.000000E-20    1.000000E-20    2.525705E-02    4.750731E-02    1.154749E+00    7.500000E-06    1.000000E+00
     8700    4.3500E-01    1.000000E-20    1.000000E-20    1.000000E-20    2.525705E-02    4.750731E-02    1.154749E+00    7.500000E-06    1.000000E+00
     8725    4.3625E-01    1.000000E-20    1.000000E-20    1.000000E-20    2.525705E-02    4.750731E-02    1.154749E+00    7.500000E-06    1.000000E+00
     8750    4.3750E-01    1.000000E-20    1.000000E-20    1.000000E-20    2.525705E-02    4.750731E-02    1.154749E+00    7.500000E-06    1.000000E+00
     8775    4.3875E-01    1.000000E-20    1.000000E-20    1.000000E-20    2.525705E-02    4.750731E-02    1.154749E+00    7.500000E-06    1.000000E+00
     8800    4.4000E-01    1.000000E-20    1.000000E-20    1.000000E-20    2.525705E-02    4.750731E-02    1.154749E+00    7.500000E-06    1.000000E+00
     8825    4.4125E-01    1.000000E-20    1.000000E-20    1.000000E-20    2.525705E-02    4.750731E-02    1.154749E+00    7.500000E-06    1.000000E+00
     8850    4.4250E-01    1.000000E-20    1.000000E-20    1.000000E-20    2.525705E-02    4.750731E-02    1.154749E+00    7.500000E-06    1.000000E+00
     8875    4.4375E-01    1.000000E-20    1.000000E-20    1.000000E-20    2.525705E-02    4.750731E-02    1.154749E+00    7.500000E-06    1.000000E+00
     8900    4.4500E-01    1.000000E-20    1.000000E-20    1.000000E-20    2.525705E-02    4.750731E-02    1.154749E+00    7.500000E-06    1.000000E+00
     8925    4.4625E-01    1.000000E-20    1.000000E-20    1.000000E-20    2.525705E-02    4.750731E-02    1.154749E+00    7.500000E-06    1.000000E+00
     8950    4.4750E-01    1.000000E-20    1.000000E-20    1.000000E-20    2.525705E-02    4.750731E-02    1.154749E+00    7.500000E-06    1.000000E+00
     8975    4.4875E-01    1.000000E-20    1.000000E-20    1.000000E-20    2.525705E-02    4.750731E-02    1.154749E+00    7.500000E-06    1.000000E+00
     9000    4.5000E-01    1.000000E-20    1.000000E-20    1.000000E-20    2.525705E-02    4.750731E-02    1.154749E+00    7.500000E-06    1.000000E+00
     9025    4.5125E-01    1.000000E-20    1.000000E-20    1.000000E-20    2.525705E-02    4.750731E-02    1.154749E+00    7.500000E-06    1.000000E+00
     9050    4.5250E-01    1.000000E-20    1.000000E-20    1.000000E-20    2.525705E-02    4.750731E-02    1.154749E+00    7.500000E-06    1.000000E+00
     9075    4.5375E-01    1.000000E-20    1.000000E-20    1.000000E-20    2.525705E-02    4.750731E-02    1.154749E+00    7.500000E-06    1.000000E+00
     9100    4.5500E-01    1.000000E-20    1.000000E-20    1.000000E-20    2.525705E-02    4.750731E-02    1.154749E+00    7.500000E-06    1.000000E+00
     9125    4.5625E-01    1.000000E-20    1.000000E-20    1.000000E-20    2.525705E-02    4.750731E-02    1.154749E+00    7.500000E-06    1.000000E+00
     9150    4.5750E-01    1.000000E-20    1.000000E-20    1.000000E-20    2.525705E-02    4.750731E-02    1.154749E+00    7.500000E-06    1.000000E+00
     9175    4.5875E-01    1.000000E-20    1.000000E-20    1.000000E-20    2.525705E-02    4.750731E-02    1.154749E+00    7.500000E-06    1.000000E+00
     9200    4.6000E-01    1.000000E-20    1.000000E-20    1.000000E-20    2.525705E-02    4.750731E-02    1.154749E+00    7.500000E-06    1.000000E+00
     9225    4.6125E-01    1.000000E-20    1.000000E-20    1.000000E-20    2.525705E-02    4.750731E-02    1.154749E+00    7.500000E-06    1.000000E+00
     9250    4.6250E-01    1.000000E-20    1.000000E-20    1.000000E-20    2.525705E-02    4.750731E-02    1.154749E+00    7.500000E-06    1.000000E+00
     9275    4.6375E-01    1.000000E-20    1.000000E-20    1.000000E-20    2.525705E-02    4.750731E-02    1.154749E+00    7.500000E-06    1.000000E+00
     9300    4.6500E-01    1.000000E-20    1.000000E-20    1.000000E-20    2.525705E-02    4.750731E-02    1.154749E+00    7.500000E-06    1.000000E+00
     9325    4.6625E-01    1.000000E-20    1.000000E-20    1.000000E-20    2.525705E-02    4.750731E-02    1.154749E+00    7.500000E-06    1.000000E+00
     9350    4.6750E-01    1.000000E-20    1.000000E-20    1.000000E-20    2.525705E-02    4.750731E-02    1.154749E+00    7.500000E-06    1.000000E+00
     9375    4.6875E-01    1.000000E-20    1.000000E-20    1.000000E-20    2.525705E-02    4.750731E-02    1.154749E+00    7.500000E-06    1.000000E+00
     9400    4.7000E-01    1.000000E-20    1.000000E-20    1.000000E-20    2.525705E-02    4.750731E-02    1.154749E+00    7.500000E-06    1.000000E+00
     9425    4.7125E-01    1.000000E-20    1.000000E-20    1.000000E-20    2.525705E-02    4.750731E-02    1.154749E+00    7.500000E-06    1.000000E+00
     9450    4.7250E-01    1.000000E-20    1.000000E-20    1.000000E-20    2.525705E-02    4.750731E-02    1.154749E+00    7.500000E-06    1.000000E+00
     9475    4.7375E-01    1.000000E-20    1.000000E-20    1.000000E-20    2.525705E-02    4.750731E-02    1.154749E+00    7.500000E-06    1.000000E+00
     9500    4.7500E-01    1.000000E-20    1.000000E-20    1.000000E-20    2.525705E-02    4.750731E-02    1.154749E+00    7.500000E-06    1.000000E+00
     9525    4.7625E-01    1.000000E-20    1.000000E-20    1.000000E-20    2.525705E-02    4.750731E-02    1.154749E+00    7.500000E-06    1.000000E+00
     9550    4.7750E-01    1.000000E-20    1.000000E-20    1.000000E-20    2.525705E-02    4.750731E-02    1.154749E+00    7.500000E-06    1.000000E+00
     9575    4.7875E-01    1.000000E-20    1.000000E-20    1.000000E-20    2.525705E-02    4.750731E-02    1.154749E+00    7.500000E-06    1.000000E+00
     9600    4.8000E-01    1.000000E-20    1.000000E-20    1.000000E-20    2.525705E-02    4.750731E-02    1.154749E+00    7.500000E-06    1.000000E+00
     9625    4.8125E-01    1.000000E-20    1.000000E-20    1.000000E-20    2.525705E-02    4.750731E-02    1.154749E+00    7.500000E-06    1.000000E+00
     9650    4.8250E-01    1.000000E-20    1.000000E-20    1.000000E-20    2.525705E-02    4.750731E-02    1.154749E+00    7.500000E-06    1.000000E+00
     9675    4.8375E-01    1.000000E-20    1.000000E-20    1.000000E-20    2.525705E-02    4.750731E-02    1.154749E+00    7.500000E-06    1.000000E+00
     9700    4.8500E-01    1.000000E-20    1.000000E-20    1.000000E-20    2.525705E-02    4.750731E-02    1.154749E+00    7.500000E-06    1.000000E+00
     9725    4.8625E-01    1.000000E-20    1.000000E-20    1.000000E-20    2.525705E-02    4.750731E-02    1.154749E+00    7.500000E-06    1.000000E+00
     9750    4.8750E-01    1.000000E-20    1.000000E-20    1.000000E-20    2.525705E-02    4.750731E-02    1.154749E+00    7.500000E-06    1.000000E+00
     9775    4.8875E-01    1.000000E-20    1.000000E-20    1.000000E-20    2.525705E-02    4.750731E-02    1.154749E+00    7.500000E-06    1.000000E+00
     9800    4.9000E-01    1.000000E-20    1.000000E-20    1.000000E-20    2.525705E-02    4.750731E-02    1.154749E+00    7.500000E-06    1.000000E+00
     9825    4.9125E-01    1.000000E-20    1.000000E-20    1.000000E-20    2.525705E-02    4.750731E-02    1.154749E+00    7.500000E-06    1.000000E+00
     9850    4.9250E-01    1.000000E-20    1.000000E-20    1.000000E-20    2.525705E-02    4.750731E-02    1.154749E+00    7.500000E-06    1.000000E+00
     9875    4.9375E-01    1.000000E-20    1.000000E-20    1.000000E-20    2.525705E-02    4.750731E-02    1.154749E+00    7.500000E-06    1.000000E+00
     9900    4.9500E-01    1.000000E-20    1.000000E-20    1.000000E-20    2.525705E-02    4.750731E-02    1.154749E+00    7.500000E-06    1.000000E+00
     9925    4.9625E-01    1.000000E-20    1.000000E-20    1.000000E-20    2.525705E-02    4.750731E-02    1.154749E+00    7.500000E-06    1.000000E+00
     9950    4.9750E-01    1.000000E-20    1.000000E-20    1.000000E-20    2.525705E-02    4.750731E-02    1.154749E+00    7.500000E-06    1.000000E+00
     9975    4.9875E-01    1.000000E-20    1.000000E-20    1.000000E-20    2.525705E-02    4.750731E-02    1.154749E+00    7.500000E-06    1.000000E+00
    10000    5.0000E-01    1.000000E-20    1.000000E-20    1.000000E-20    2.525705E-02    4.750731E-02    1.154749E+00    7.500000E-06    1.000000E+00
